11 0.703515625 0.4736111111111111 0.04140625 0.08888888888888889
6 0.3794921875 0.4579861111111111 0.047265625 0.08680555555555555
8 0.3173828125 0.4732638888888889 0.041015625 0.08958333333333333
10 0.439453125 0.4635416666666667 0.05546875 0.11180555555555556
9 0.4431640625 0.37222222222222223 0.035546875 0.07361111111111111
9 0.3857421875 0.3607638888888889 0.036328125 0.07013888888888889
9 0.2587890625 0.37083333333333335 0.044921875 0.0763888888888889
9 0.701953125 0.37222222222222223 0.0390625 0.08055555555555556
6 0.569140625 0.47847222222222224 0.0359375 0.09305555555555556
9 0.3234375 0.359375 0.03984375 0.07291666666666667
9 0.5724609375 0.3611111111111111 0.035546875 0.0763888888888889
9 0.634765625 0.3611111111111111 0.0359375 0.07916666666666666
8 0.634375 0.4739583333333333 0.03984375 0.08680555555555555
11 0.2548828125 0.4795138888888889 0.048828125 0.08263888888888889
9 0.50703125 0.35520833333333335 0.03359375 0.07708333333333334
7 0.50390625 0.4666666666666667 0.053125 0.11805555555555555