4 0.782958984375 0.29795769511305614 0.06884765625 0.15827862873814733
1 0.79052734375 0.3690736688548505 0.0751953125 0.18234865061998543
0 0.811767578125 0.49161196207148067 0.06005859375 0.13274981765134938
0 0.75537109375 0.21188913202042306 0.0517578125 0.12326768781911014
2 0.744384765625 0.1349380014587892 0.05615234375 0.1137855579868709
2 0.82666015625 0.6075857038657914 0.0732421875 0.11816192560175055
5 0.841796875 0.7337709700948213 0.0712890625 0.12691466083150985
5 0.74169921875 0.06491611962071481 0.048828125 0.10211524434719182
3 0.660400390625 0.06637490882567469 0.03955078125 0.09336250911743253
3 0.666259765625 0.14551422319474835 0.03857421875 0.09117432530999271
3 0.677978515625 0.22720641867250183 0.04150390625 0.09409190371991247
3 0.685791015625 0.3063457330415755 0.04052734375 0.09482129832239242
3 0.6982421875 0.40153172866520787 0.046875 0.09555069292487235
3 0.70947265625 0.5087527352297593 0.0517578125 0.10138584974471189
3 0.724609375 0.6167031363967906 0.0478515625 0.10722100656455143
3 0.73974609375 0.737782640408461 0.0517578125 0.10576221735959154
10 0.1884765625 0.2778993435448578 0.05859375 0.16630196936542668
7 0.176025390625 0.3636032093362509 0.06591796875 0.19037199124726478
6 0.195068359375 0.20204230488694383 0.04736328125 0.13274981765134938
6 0.162353515625 0.487964989059081 0.05419921875 0.12837345003646974
8 0.2099609375 0.12545587162654998 0.05078125 0.12399708242159008
8 0.169189453125 0.6021152443471919 0.06103515625 0.13785557986870897
11 0.141845703125 0.7469000729394603 0.06689453125 0.13274981765134938
11 0.2109375 0.051787016776075855 0.0458984375 0.10357403355215171
9 0.285400390625 0.13931436907366884 0.04248046875 0.09482129832239242
9 0.287109375 0.058351568198395334 0.0390625 0.09482129832239242
9 0.283447265625 0.2224653537563822 0.04052734375 0.09482129832239242
9 0.27734375 0.3096280087527352 0.04296875 0.099927060539752
9 0.27734375 0.4088256746900073 0.044921875 0.09700948212983224
9 0.266845703125 0.512764405543399 0.04541015625 0.09482129832239242
9 0.26513671875 0.6137855579868708 0.048828125 0.10138584974471189
9 0.251953125 0.7363238512035011 0.060546875 0.10867979576951131