6 0.32890625 0.42604166666666665 0.04921875 0.2048611111111111
9 0.75 0.4479166666666667 0.05234375 0.13194444444444445
9 0.5162109375 0.5159722222222223 0.047265625 0.13333333333333333
11 0.7095703125 0.34444444444444444 0.052734375 0.15555555555555556
9 0.672265625 0.48333333333333334 0.05078125 0.13055555555555556
9 0.5927734375 0.5065972222222223 0.045703125 0.13541666666666666
9 0.4333984375 0.5583333333333333 0.048046875 0.1361111111111111
6 0.5701171875 0.38090277777777776 0.049609375 0.19375
9 0.3400390625 0.5788194444444444 0.048828125 0.14097222222222222
10 0.4931640625 0.375 0.058203125 0.24444444444444444
8 0.6380859375 0.36180555555555555 0.044140625 0.1638888888888889
11 0.146484375 0.4965277777777778 0.06328125 0.16944444444444445
9 0.24921875 0.6069444444444444 0.05234375 0.1375
9 0.1505859375 0.6180555555555556 0.057421875 0.1375
7 0.4103515625 0.37430555555555556 0.054296875 0.2861111111111111
8 0.24167578125000003 0.4647986111111111 0.0791484375 0.18221527777777777