3 0.4060546875 0.3302083333333333 0.028515625 0.09097222222222222
2 0.2994140625 0.4 0.044921875 0.11527777777777778
9 0.3826171875 0.4513888888888889 0.036328125 0.09305555555555556
9 0.4509765625 0.7253472222222223 0.037109375 0.09513888888888888
3 0.4970703125 0.5875 0.033984375 0.09305555555555556
6 0.25390625 0.5336805555555556 0.0515625 0.12986111111111112
11 0.296875 0.7315972222222222 0.05078125 0.11736111111111111
5 0.494140625 0.37256944444444445 0.0328125 0.11041666666666666
5 0.5734375 0.634375 0.0390625 0.10902777777777778
11 0.284375 0.33055555555555555 0.04296875 0.10833333333333334
2 0.5505859375 0.7875 0.040234375 0.10555555555555556
4 0.5794921875 0.3975694444444444 0.042578125 0.16041666666666668
8 0.2400390625 0.4309027777777778 0.048828125 0.11458333333333333
1 0.4970703125 0.1579861111111111 0.041796875 0.18263888888888888
8 0.3921875 0.7743055555555556 0.03984375 0.11805555555555555
0 0.6830429687499999 0.3271597222222222 0.0401640625 0.14845833333333333
0 0.72786328125 0.6298402777777778 0.0501328125 0.1403125
10 0.34479296875 0.5675416666666666 0.05729296874999999 0.1600625
7 0.4163671875 0.8624097222222221 0.05828124999999999 0.1640625
6 0.20134765625 0.28099305555555554 0.054730468750000004 0.136625