5 0.243359375 0.3541666666666667 0.06171875 0.09722222222222222
3 0.376953125 0.5222222222222223 0.0453125 0.07222222222222222
3 0.2279296875 0.49027777777777776 0.051171875 0.07083333333333333
2 0.7119140625 0.41909722222222223 0.049609375 0.10902777777777778
3 0.3060546875 0.5100694444444445 0.047265625 0.07430555555555556
2 0.3150390625 0.3802083333333333 0.062890625 0.10902777777777778
3 0.4568359375 0.5451388888888888 0.037890625 0.07083333333333333
0 0.3876953125 0.3958333333333333 0.052734375 0.10138888888888889
5 0.805859375 0.4420138888888889 0.06015625 0.10486111111111111
3 0.68515625 0.5986111111111111 0.04140625 0.0763888888888889
1 0.4638671875 0.39305555555555555 0.062109375 0.1486111111111111
3 0.7869140625 0.6024305555555556 0.041015625 0.07291666666666667
3 0.5388671875 0.5697916666666667 0.040234375 0.07847222222222222
4 0.5486328125 0.39479166666666665 0.059765625 0.13819444444444445
3 0.618359375 0.5777777777777777 0.03671875 0.06805555555555555
0 0.624609375 0.4267361111111111 0.0390625 0.10902777777777778