5 0.2765625 0.3861111111111111 0.0625 0.12638888888888888
5 0.851953125 0.4420138888888889 0.059375 0.1423611111111111
2 0.7552734375 0.425 0.051953125 0.14305555555555555
3 0.40625 0.5416666666666666 0.046875 0.10277777777777777
3 0.3345703125 0.5319444444444444 0.045703125 0.09861111111111111
0 0.4212890625 0.4079861111111111 0.054296875 0.14930555555555555
0 0.6642578125 0.42604166666666665 0.041015625 0.15902777777777777
3 0.2541015625 0.5149305555555556 0.051953125 0.09652777777777778
3 0.4888671875 0.5607638888888888 0.037890625 0.09791666666666667
3 0.730859375 0.6034722222222222 0.0421875 0.11388888888888889
3 0.8388671875 0.6010416666666667 0.044921875 0.10625
3 0.5748046875 0.5822916666666667 0.041015625 0.10902777777777778
3 0.6583984375 0.584375 0.039453125 0.10208333333333333
2 0.3484375 0.40381944444444445 0.05859375 0.14097222222222222
0 0.49921875 0.3927083333333333 0.059375 0.21180555555555555
4 0.58359375 0.39861111111111114 0.059375 0.18888888888888888