10 0.34326171875 0.1462436177972283 0.068359375 0.18016046681254558
11 0.1982421875 0.09153902261123267 0.0634765625 0.12910284463894967
6 0.188232421875 0.14989059080962802 0.06201171875 0.14514952589350838
7 0.166015625 0.3059810357403355 0.07421875 0.2049598832968636
8 0.239501953125 0.787746170678337 0.08349609375 0.16192560175054704
9 0.27197265625 0.16338439095550694 0.0537109375 0.10940919037199125
9 0.25732421875 0.33698030634573306 0.052734375 0.10649161196207148
9 0.259033203125 0.43544857768052514 0.06201171875 0.11086797957695113
9 0.3583984375 0.562727935813275 0.0595703125 0.11451495258935084
1 0.771240234375 0.29978118161925604 0.08544921875 0.2013129102844639
5 0.57275390625 0.08023340627279359 0.0595703125 0.12983223924142961
0 0.505615234375 0.22975929978118162 0.06201171875 0.15317286652078774
5 0.51025390625 0.34427425237053244 0.0625 0.12545587162654998
2 0.35107421875 0.43070751276440555 0.0732421875 0.15973741794310722
2 0.240966796875 0.6393143690736689 0.07177734375 0.15536105032822758
3 0.418212890625 0.1765134938001459 0.04931640625 0.11086797957695113
3 0.5419921875 0.6652078774617067 0.0576171875 0.1137855579868709
3 0.68408203125 0.34172137126185265 0.052734375 0.11159737417943107
3 0.610107421875 0.5408460977388767 0.05419921875 0.11305616338439095