5 0.2859375 0.3663194444444444 0.0421875 0.07847222222222222
0 0.4427734375 0.7 0.034765625 0.06527777777777778
0 0.2240234375 0.6190972222222222 0.044921875 0.059027777777777776
9 0.27890625 0.1329861111111111 0.03984375 0.08402777777777778
1 0.6259765625 0.42291666666666666 0.055078125 0.09444444444444444
9 0.4732421875 0.11631944444444445 0.035546875 0.07847222222222222
3 0.550390625 0.2 0.0328125 0.06944444444444445
5 0.482421875 0.3388888888888889 0.0359375 0.07916666666666666
3 0.3447265625 0.25972222222222224 0.033203125 0.06944444444444445
4 0.42319921875000005 0.467875 0.051472656250000005 0.09478472222222223
2 0.2096484375 0.2645 0.06508203125 0.10363888888888889
8 0.26540234375 0.034027777777777775 0.06098828125 0.06805555555555555