9 0.3849609375 0.42986111111111114 0.037109375 0.09444444444444444
2 0.2974609375 0.37777777777777777 0.044140625 0.11527777777777778
3 0.4072265625 0.29791666666666666 0.030859375 0.09444444444444444
3 0.5060546875 0.5753472222222222 0.033984375 0.09236111111111112
9 0.46015625 0.7222222222222222 0.03984375 0.09305555555555556
11 0.2806640625 0.3 0.044921875 0.1111111111111111
6 0.2509765625 0.5211805555555555 0.055078125 0.1284722222222222
5 0.5017578125 0.3451388888888889 0.033984375 0.11666666666666667
11 0.299609375 0.7319444444444444 0.053125 0.11805555555555555
0 0.747265625 0.6211805555555555 0.0515625 0.12291666666666666
5 0.587890625 0.6239583333333333 0.0421875 0.1076388888888889
8 0.2337890625 0.40902777777777777 0.051171875 0.11388888888888889
2 0.5650390625 0.7899305555555556 0.042578125 0.10069444444444445
1 0.50390625 0.11354166666666667 0.04140625 0.18819444444444444
10 0.3484375 0.5618055555555556 0.0625 0.15833333333333333
8 0.400390625 0.7746527777777777 0.04453125 0.11458333333333333
0 0.6982421875 0.29131944444444446 0.042578125 0.13125
4 0.5950624999999999 0.3678958333333333 0.057921875 0.15871527777777777
6 0.19158203125 0.25235416666666666 0.0601953125 0.134875
7 0.43023437500000006 0.8723055555555554 0.05164453125 0.1588611111111111