5 0.7140625 0.29270833333333335 0.03984375 0.11458333333333333
0 0.4056640625 0.26006944444444446 0.038671875 0.1326388888888889
3 0.39296875 0.3541666666666667 0.03203125 0.08888888888888889
3 0.3390625 0.34618055555555555 0.03046875 0.08680555555555555
3 0.2779296875 0.33576388888888886 0.033203125 0.08402777777777778
5 0.2955078125 0.24791666666666667 0.041796875 0.10277777777777777
3 0.5158203125 0.38055555555555554 0.028515625 0.09027777777777778
3 0.454296875 0.3663194444444444 0.0265625 0.08680555555555555
3 0.70390625 0.3951388888888889 0.03046875 0.0875
3 0.5767578125 0.384375 0.026171875 0.08680555555555555
3 0.627734375 0.3951388888888889 0.03046875 0.09166666666666666
9 0.251171875 0.8590277777777777 0.04921875 0.09166666666666666
9 0.3884765625 0.9006944444444445 0.042578125 0.09166666666666666
9 0.17734375 0.859375 0.0515625 0.09097222222222222
4 0.5240234375 0.25277777777777777 0.039453125 0.15694444444444444
9 0.466015625 0.89375 0.0390625 0.09305555555555556
9 0.324609375 0.8704861111111111 0.0453125 0.08958333333333333
2 0.6462890625 0.2791666666666667 0.034765625 0.11805555555555555
9 0.544140625 0.9201388888888888 0.040625 0.09027777777777778
9 0.618359375 0.934375 0.04140625 0.09791666666666667
9 0.6978515625 0.9590277777777778 0.044921875 0.08055555555555556
2 0.35078125 0.2607638888888889 0.04140625 0.11597222222222223
1 0.462890625 0.24479166666666666 0.03828125 0.1798611111111111
0 0.5818359375 0.27743055555555557 0.029296875 0.1284722222222222