5 0.277734375 0.28402777777777777 0.0625 0.11805555555555555
3 0.3384765625 0.43506944444444445 0.045703125 0.09097222222222222
3 0.4091796875 0.44722222222222224 0.041015625 0.09166666666666666
2 0.7515625 0.3333333333333333 0.05234375 0.13333333333333333
3 0.2587890625 0.4170138888888889 0.052734375 0.08958333333333333
5 0.845703125 0.3548611111111111 0.059375 0.13194444444444445
2 0.3486328125 0.30520833333333336 0.056640625 0.12986111111111112
3 0.48984375 0.4670138888888889 0.0375 0.08958333333333333
0 0.421484375 0.3138888888888889 0.0546875 0.1388888888888889
3 0.8291015625 0.5149305555555556 0.045703125 0.09652777777777778
3 0.7244140625 0.5145833333333333 0.044140625 0.1
0 0.662109375 0.3388888888888889 0.0421875 0.14444444444444443
3 0.5732421875 0.4895833333333333 0.040234375 0.09722222222222222
3 0.6544921875 0.49618055555555557 0.037890625 0.08958333333333333
1 0.4990234375 0.30416666666666664 0.058203125 0.19027777777777777
4 0.58359375 0.30694444444444446 0.06015625 0.17777777777777778