10 0.346435546875 0.15317286652078774 0.06591796875 0.17797228300510576
6 0.356689453125 0.4285193289569657 0.06005859375 0.14660831509846828
11 0.19775390625 0.09008023340627279 0.0537109375 0.1261852662290299
6 0.1845703125 0.14916119620714807 0.0576171875 0.14077315827862874
7 0.167236328125 0.30342815463165573 0.07666015625 0.2100656455142232
9 0.273193359375 0.16447848285922684 0.05517578125 0.11451495258935084
9 0.260009765625 0.33807439824945296 0.05322265625 0.10867979576951131
9 0.25927734375 0.43581327498176514 0.0595703125 0.11013858497447118
9 0.35302734375 0.5619985412107951 0.0595703125 0.1174325309992706
1 0.76806640625 0.30051057622173594 0.0810546875 0.20277169948942378
8 0.239990234375 0.788475565280817 0.08447265625 0.1560904449307075
2 0.243896484375 0.6444201312910285 0.07763671875 0.15244347191830782
2 0.4404296875 0.24835886214442013 0.0673828125 0.1276440554339898
0 0.59814453125 0.1560904449307075 0.052734375 0.14296134208606856
5 0.569580078125 0.08205689277899343 0.05126953125 0.1261852662290299
5 0.512451171875 0.3428154631655726 0.06103515625 0.12837345003646974
3 0.742919921875 0.7851932895696572 0.06298828125 0.11451495258935084
3 0.419189453125 0.17687819110138586 0.04736328125 0.10867979576951131
3 0.68408203125 0.3409919766593727 0.0537109375 0.10867979576951131
3 0.60791015625 0.5390226112326769 0.05078125 0.11962071480671042
3 0.541015625 0.6637490882567469 0.0537109375 0.11816192560175055