3 0.75546875 0.43194444444444446 0.028125 0.10277777777777777
3 0.4201171875 0.27881944444444445 0.023828125 0.08819444444444445
3 0.4595703125 0.3020833333333333 0.023828125 0.08888888888888889
3 0.6837890625 0.4079861111111111 0.026953125 0.09652777777777778
3 0.49765625 0.31631944444444443 0.025 0.09375
0 0.6744140625 0.31631944444444443 0.033984375 0.15069444444444444
3 0.589453125 0.3663194444444444 0.02578125 0.09375
3 0.6419921875 0.38784722222222223 0.025390625 0.08958333333333333
1 0.5751953125 0.25416666666666665 0.033203125 0.1986111111111111
6 0.2419921875 0.5583333333333333 0.049609375 0.1763888888888889
3 0.543359375 0.3420138888888889 0.0234375 0.09097222222222222
5 0.453515625 0.23958333333333334 0.025 0.10138888888888889
5 0.794140625 0.37569444444444444 0.03515625 0.12916666666666668
6 0.3888671875 0.6902777777777778 0.050390625 0.2013888888888889
9 0.57109375 0.7430555555555556 0.04765625 0.14583333333333334
9 0.3970703125 0.5986111111111111 0.039453125 0.11666666666666667
2 0.7296875 0.3420138888888889 0.03125 0.1284722222222222
7 0.3296875 0.6111111111111112 0.06875 0.26666666666666666
0 0.5302734375 0.2621527777777778 0.025390625 0.13819444444444445
10 0.2833984375 0.5944444444444444 0.058984375 0.2111111111111111
8 0.4541015625 0.7534722222222222 0.057421875 0.17083333333333334
2 0.4912109375 0.2590277777777778 0.025390625 0.11388888888888889
11 0.146484375 0.51875 0.04921875 0.14027777777777778
11 0.526953125 0.8104166666666667 0.05546875 0.18055555555555555
8 0.18650390625 0.5404652777777778 0.0547265625 0.15588194444444445
4 0.62318359375 0.2785694444444444 0.0329296875 0.19008333333333335
9 0.5083515625 0.6709722222222223 0.03603515625 0.11708333333333333
9 0.44995312500000006 0.6256388888888889 0.038578125000000005 0.10127777777777779
9 0.20241796875 0.4673541666666667 0.04155078125 0.11804166666666666