2 0.2052734375 0.4 0.055078125 0.16527777777777777
2 0.6115234375 0.7211805555555556 0.067578125 0.18125
5 0.4486328125 0.3236111111111111 0.039453125 0.15
3 0.494140625 0.5375 0.0421875 0.13333333333333333
3 0.3298828125 0.30972222222222223 0.033203125 0.12222222222222222
5 0.601953125 0.5520833333333334 0.0546875 0.15833333333333333
11 0.2578125 0.7673611111111112 0.065625 0.19444444444444445
11 0.1697265625 0.3368055555555556 0.046484375 0.16666666666666666
0 0.653515625 0.22881944444444444 0.0453125 0.17430555555555555
9 0.323828125 0.4361111111111111 0.0421875 0.13472222222222222
8 0.1203125 0.4545138888888889 0.05078125 0.17291666666666666
4 0.56015625 0.30625 0.05859375 0.2361111111111111
8 0.40390625 0.7722222222222223 0.06171875 0.20416666666666666
6 0.05234375 0.29618055555555556 0.06484375 0.2076388888888889
6 0.163671875 0.5465277777777777 0.0671875 0.21666666666666667
1 0.418359375 0.11909722222222222 0.0484375 0.23819444444444443
7 0.4650390625 0.83125 0.080078125 0.32916666666666666
10 0.3029296875 0.5447916666666667 0.071484375 0.26458333333333334
0 0.7782421875 0.49604166666666666 0.08187890625000001 0.2030625