1 0.7353515625 0.5988329686360321 0.0859375 0.20568927789934355
5 0.85107421875 0.7454412837345004 0.0791015625 0.1487964989059081
2 0.45556640625 0.3862144420131291 0.076171875 0.13785557986870897
4 0.61474609375 0.29175784099197666 0.06640625 0.1838074398249453
3 0.695068359375 0.22428884026258206 0.05419921875 0.1174325309992706
3 0.5361328125 0.29978118161925604 0.0498046875 0.10940919037199125
3 0.63818359375 0.5091174325309993 0.0498046875 0.1137855579868709
11 0.6572265625 0.7206418672501823 0.0712890625 0.14442013129102846
8 0.5283203125 0.12910284463894967 0.0625 0.14296134208606856
7 0.287109375 0.3574033552151714 0.07421875 0.20277169948942378
11 0.231201171875 0.046681254558716266 0.05908203125 0.09336250911743253
10 0.37890625 0.2804522246535376 0.0556640625 0.1772428884026258
9 0.4541015625 0.2950401167031364 0.0556640625 0.11889132020423049
9 0.3056640625 0.049598832968636035 0.0517578125 0.09919766593727207
9 0.304931640625 0.2024070021881838 0.05224609375 0.11159737417943107
9 0.2763671875 0.599927060539752 0.0576171875 0.11159737417943107