5 0.2927734375 0.8402777777777778 0.044140625 0.14444444444444443
2 0.371875 0.7815972222222223 0.04140625 0.12986111111111112
0 0.434375 0.7138888888888889 0.03671875 0.1527777777777778
5 0.715234375 0.5451388888888888 0.0421875 0.11388888888888889
6 0.256640625 0.24375 0.028125 0.14166666666666666
3 0.5224609375 0.5763888888888888 0.026953125 0.09722222222222222
9 0.164453125 0.3684027777777778 0.0390625 0.09791666666666667
8 0.204296875 0.2767361111111111 0.03125 0.12013888888888889
9 0.3357421875 0.3072916666666667 0.033984375 0.09513888888888888
3 0.40234375 0.6513888888888889 0.0296875 0.09583333333333334
9 0.38203125 0.27569444444444446 0.0328125 0.09583333333333334
3 0.4580078125 0.6086805555555556 0.028515625 0.09930555555555555
9 0.4275390625 0.26006944444444446 0.034765625 0.10208333333333333
7 0.3080078125 0.20104166666666667 0.034765625 0.1909722222222222
9 0.279296875 0.3277777777777778 0.03515625 0.09861111111111111
9 0.226171875 0.35104166666666664 0.0375 0.09930555555555555
6 0.40625 0.19270833333333334 0.025 0.1326388888888889
10 0.360546875 0.19479166666666667 0.03203125 0.1673611111111111
2 0.6634765625 0.5666666666666667 0.047265625 0.12361111111111112
1 0.5544921875 0.6059027777777778 0.047265625 0.21597222222222223
3 0.2740234375 0.7350694444444444 0.033984375 0.10902777777777778
9 0.474609375 0.23819444444444443 0.034375 0.09583333333333334
9 0.516796875 0.21215277777777777 0.03359375 0.09236111111111112
3 0.626171875 0.515625 0.03203125 0.09513888888888888
3 0.34921875 0.6777777777777778 0.0328125 0.10138888888888889
4 0.497265625 0.6645833333333333 0.04921875 0.19027777777777777
11 0.144921875 0.3034722222222222 0.0328125 0.11944444444444445
3 0.58046875 0.5454861111111111 0.0234375 0.09097222222222222
3 0.6791015625 0.49166666666666664 0.033203125 0.11527777777777778
11 0.4888671875 0.1597222222222222 0.026953125 0.10416666666666667
8 0.448046875 0.17465277777777777 0.0265625 0.11180555555555556
0 0.6087890625 0.5892361111111111 0.043359375 0.14791666666666667