5 0.845703125 0.7830051057622174 0.076171875 0.14077315827862874
1 0.657958984375 0.7436177972283005 0.08056640625 0.20787746170678337
4 0.5927734375 0.3282275711159737 0.0703125 0.175054704595186
3 0.67578125 0.25346462436177974 0.0498046875 0.10576221735959154
3 0.62255859375 0.5459518599562363 0.0576171875 0.11013858497447118
3 0.513916015625 0.33552151714077316 0.05029296875 0.10940919037199125
7 0.35107421875 0.4073668854850474 0.076171875 0.1976659372720642
11 0.176025390625 0.24945295404814005 0.06591796875 0.12253829321663019
9 0.26904296875 0.08825674690007294 0.056640625 0.10357403355215171
9 0.35498046875 0.1812545587162655 0.052734375 0.10867979576951131
9 0.429443359375 0.33953318745441285 0.05224609375 0.10722100656455143
9 0.25390625 0.6703136396790663 0.0595703125 0.12253829321663019