3 0.525 0.4510416666666667 0.03125 0.08819444444444445
3 0.3255859375 0.43993055555555555 0.039453125 0.08263888888888889
11 0.2482421875 0.6204861111111111 0.055859375 0.1076388888888889
9 0.383203125 0.5385416666666667 0.04296875 0.08680555555555555
5 0.5908203125 0.3697916666666667 0.036328125 0.10902777777777778
2 0.30703125 0.6260416666666667 0.0484375 0.10625
6 0.3583984375 0.7684027777777778 0.058203125 0.11319444444444444
11 0.496484375 0.8017361111111111 0.05 0.11180555555555556
0 0.4943359375 0.07291666666666667 0.034765625 0.13194444444444445
8 0.5740234375 0.6756944444444445 0.040234375 0.11944444444444445
5 0.4099609375 0.3385416666666667 0.041015625 0.1076388888888889
0 0.666015625 0.17777777777777778 0.03515625 0.13333333333333333
4 0.48032031249999996 0.23564583333333333 0.070015625 0.16504166666666667
1 0.29723046875 0.20943749999999997 0.0768828125 0.19247916666666667
2 0.6574609375 0.46874305555555557 0.04836328125 0.1208125
8 0.28688671875 0.7440416666666667 0.057085937499999996 0.1133125
6 0.15555078125 0.7292847222222223 0.0678046875 0.11156250000000001
10 0.44233984375 0.64425 0.05867578125 0.14969444444444444
7 0.6410546874999999 0.6737569444444444 0.049921875 0.16706944444444446
9 0.57367578125 0.5786319444444444 0.04326953125 0.0823125