11 0.24453125 0.5402777777777777 0.04921875 0.06944444444444445
11 0.6755859375 0.5135416666666667 0.038671875 0.07291666666666667
6 0.3640625 0.5138888888888888 0.04453125 0.06666666666666667
8 0.609765625 0.5135416666666667 0.0390625 0.07291666666666667
9 0.308984375 0.41631944444444446 0.0375 0.06180555555555556
9 0.3701171875 0.41423611111111114 0.033203125 0.059027777777777776
9 0.42421875 0.4232638888888889 0.03515625 0.06180555555555556
9 0.6076171875 0.4041666666666667 0.033203125 0.06666666666666667
9 0.5490234375 0.4076388888888889 0.033203125 0.06388888888888888
9 0.48515625 0.403125 0.03203125 0.06180555555555556
9 0.246875 0.43194444444444446 0.040625 0.06111111111111111
9 0.671875 0.4125 0.03828125 0.06944444444444445
10 0.4228515625 0.5149305555555556 0.052734375 0.09236111111111112
8 0.304296875 0.5333333333333333 0.04296875 0.07361111111111111
6 0.5474609375 0.5236111111111111 0.033203125 0.075
7 0.48515625 0.5197916666666667 0.04375 0.09097222222222222