3 0.79133203125 0.6190486111111111 0.04945703125 0.09503472222222221
3 0.68701171875 0.6163194444444444 0.035828125 0.0720486111111111
3 0.54296875 0.5876736111111112 0.0342421875 0.06955555555555555
3 0.4614765625 0.5625 0.03869140625 0.07519444444444444
3 0.38159375 0.5395 0.0451953125 0.074
3 0.31176953125 0.5308194444444444 0.04553125 0.0702013888888889
3 0.23098046874999997 0.5079861111111111 0.058316406249999994 0.08602083333333334
3 0.62177734375 0.5932291666666667 0.0416015625 0.07939583333333333
5 0.8115234375 0.4609375 0.054414062500000006 0.10335416666666668
5 0.24743750000000003 0.37478472222222226 0.0621015625 0.09906944444444445
2 0.3200703125 0.3993055555555556 0.05844140625000001 0.10373611111111111
0 0.39306640625 0.41384722222222226 0.0546875 0.10183333333333332
0 0.6298828125 0.4453125 0.038453125 0.10389583333333334
2 0.71630859375 0.4396736111111111 0.04638671875 0.10606249999999999
4 0.55234375 0.4170555555555555 0.06824609375 0.14478472222222222
1 0.46655468750000006 0.4081180555555556 0.06878515625 0.14773611111111112