4 0.7841796875 0.2964989059080963 0.0712890625 0.162654996353027
1 0.790771484375 0.36834427425237054 0.07666015625 0.18672501823486506
5 0.841064453125 0.7312180889861415 0.07177734375 0.1349380014587892
5 0.741455078125 0.06564551422319474 0.05126953125 0.11086797957695113
0 0.7529296875 0.2111597374179431 0.046875 0.13056163384390956
0 0.70849609375 0.6148796498905909 0.0595703125 0.12399708242159008
3 0.6982421875 0.3993435448577681 0.0439453125 0.09555069292487235
3 0.709716796875 0.5047410649161196 0.04833984375 0.10211524434719182
3 0.64208984375 0.7388767323121809 0.05078125 0.10065645514223195
3 0.61767578125 0.6145149525893508 0.05078125 0.10722100656455143
3 0.6767578125 0.2286652078774617 0.0419921875 0.09263311451495258
3 0.6650390625 0.14587892049598833 0.0390625 0.08898614150255288
3 0.65869140625 0.06163384390955507 0.0400390625 0.09846827133479212
2 0.589111328125 0.13129102844638948 0.04736328125 0.13129102844638948
2 0.628662109375 0.48212983223924144 0.06103515625 0.13858497447118892
3 0.5166015625 0.30233406272793584 0.04296875 0.10138584974471189
10 0.1884765625 0.27680525164113784 0.0595703125 0.16557257476294676
7 0.173583984375 0.36214442013129106 0.06591796875 0.19328956965718452
6 0.16162109375 0.48723559445660103 0.0546875 0.13420860685630925
6 0.193359375 0.20167760758570386 0.05078125 0.13056163384390956
8 0.36669921875 0.19948942377826404 0.05859375 0.14806710430342815
8 0.16845703125 0.5973741794310722 0.0673828125 0.15171407731582787
9 0.451171875 0.7355944566010212 0.0517578125 0.10430342815463166
9 0.26123046875 0.6159737417943107 0.056640625 0.10284463894967177
9 0.264404296875 0.5175054704595186 0.05712890625 0.10722100656455143
9 0.27490234375 0.40955506929248725 0.0537109375 0.09846827133479212
9 0.27734375 0.30926331145149527 0.0576171875 0.0962800875273523
9 0.2802734375 0.2224653537563822 0.05078125 0.09190371991247265
9 0.28564453125 0.13931436907366884 0.05078125 0.08898614150255288
9 0.28564453125 0.0587162654996353 0.0380859375 0.09409190371991247
11 0.208984375 0.05324580598103574 0.048828125 0.10649161196207148
11 0.254638671875 0.7388767323121809 0.06103515625 0.13274981765134938