5 0.8515625 0.4378472222222222 0.05859375 0.14652777777777778
2 0.7546875 0.4222222222222222 0.05078125 0.14444444444444443
3 0.3349609375 0.5295138888888888 0.045703125 0.10347222222222222
5 0.2783203125 0.38958333333333334 0.058984375 0.12361111111111112
3 0.2544921875 0.5145833333333333 0.049609375 0.1
3 0.4052734375 0.5413194444444445 0.044921875 0.10486111111111111
3 0.839453125 0.5958333333333333 0.04296875 0.10972222222222222
3 0.7310546875 0.6 0.041796875 0.1111111111111111
3 0.4884765625 0.5527777777777778 0.038671875 0.1111111111111111
3 0.65859375 0.5784722222222223 0.0390625 0.10555555555555556
2 0.3498046875 0.40381944444444445 0.058203125 0.14375
3 0.5744140625 0.5774305555555556 0.040234375 0.11041666666666666
1 0.4982421875 0.38993055555555556 0.057421875 0.21597222222222223
0 0.4216796875 0.4076388888888889 0.053515625 0.15138888888888888
4 0.5833984375 0.3951388888888889 0.059765625 0.19444444444444445
0 0.664296875 0.42123611111111114 0.06203515625 0.18947916666666667