5 0.2810546875 0.22951388888888888 0.054296875 0.1423611111111111
0 0.6607421875 0.2513888888888889 0.040234375 0.19166666666666668
0 0.4205078125 0.2388888888888889 0.046484375 0.18194444444444444
2 0.7515625 0.25555555555555554 0.05 0.17083333333333334
3 0.4005859375 0.35694444444444445 0.042578125 0.12361111111111112
3 0.3296875 0.3506944444444444 0.04453125 0.11805555555555555
3 0.25 0.33576388888888886 0.04765625 0.11875
4 0.5814453125 0.21770833333333334 0.058203125 0.24097222222222223
3 0.835546875 0.40381944444444445 0.04375 0.1326388888888889
3 0.567578125 0.3902777777777778 0.03984375 0.12638888888888888
2 0.3486328125 0.24340277777777777 0.048828125 0.15625
3 0.653125 0.39166666666666666 0.0375 0.12222222222222222
3 0.4818359375 0.371875 0.039453125 0.12430555555555556
3 0.7263671875 0.40520833333333334 0.041796875 0.13541666666666666
5 0.8458984375 0.2708333333333333 0.056640625 0.1625
1 0.4974609375 0.20868055555555556 0.053515625 0.2701388888888889