5 0.8546875 0.4184027777777778 0.05859375 0.15208333333333332
5 0.28125 0.3611111111111111 0.05859375 0.12916666666666668
2 0.7578125 0.4010416666666667 0.05234375 0.15069444444444444
3 0.489453125 0.5277777777777778 0.03828125 0.11388888888888889
3 0.2564453125 0.48541666666666666 0.051171875 0.10416666666666667
3 0.3357421875 0.5027777777777778 0.045703125 0.10555555555555556
4 0.5857421875 0.36944444444444446 0.058984375 0.20694444444444443
3 0.57578125 0.5503472222222222 0.03984375 0.11736111111111111
3 0.40703125 0.5118055555555555 0.04609375 0.10833333333333334
0 0.4244140625 0.38298611111111114 0.053515625 0.15625
3 0.7337890625 0.5743055555555555 0.044140625 0.11944444444444445
3 0.843359375 0.5708333333333333 0.0453125 0.11805555555555555
3 0.66015625 0.553125 0.03984375 0.11319444444444444
1 0.501171875 0.3611111111111111 0.059375 0.23194444444444445
2 0.3521484375 0.3763888888888889 0.056640625 0.1486111111111111
0 0.6669921875 0.40069444444444446 0.041015625 0.16805555555555557