11 0.287109375 0.5597222222222222 0.04921875 0.08888888888888889
6 0.4111328125 0.546875 0.047265625 0.09513888888888888
11 0.73203125 0.5885416666666666 0.040625 0.09513888888888888
8 0.348828125 0.5586805555555555 0.046875 0.09930555555555555
3 0.5076171875 0.02326388888888889 0.023046875 0.04652777777777778
3 0.619921875 0.024305555555555556 0.0234375 0.04722222222222222
9 0.362109375 0.45381944444444444 0.0375 0.07430555555555556
3 0.73515625 0.022222222222222223 0.02578125 0.044444444444444446
9 0.29765625 0.4597222222222222 0.03984375 0.07777777777777778
8 0.662890625 0.5802083333333333 0.040625 0.09652777777777778
9 0.60390625 0.4708333333333333 0.03203125 0.075
9 0.53984375 0.4600694444444444 0.02890625 0.07708333333333334
9 0.4216796875 0.45555555555555555 0.032421875 0.0763888888888889
9 0.7314453125 0.49166666666666664 0.034765625 0.07916666666666666
6 0.5978515625 0.58125 0.035546875 0.10416666666666667
3 0.665625 0.027083333333333334 0.02890625 0.05416666666666667
9 0.4759765625 0.4722222222222222 0.033984375 0.0763888888888889
3 0.5638671875 0.02638888888888889 0.021484375 0.05277777777777778
9 0.6666015625 0.47465277777777776 0.030859375 0.0798611111111111
10 0.4708984375 0.5559027777777777 0.055859375 0.12430555555555556
3 0.4033203125 0.019791666666666666 0.022265625 0.03958333333333333
7 0.5328125 0.5607638888888888 0.05 0.13680555555555557
3 0.3470703125 0.017708333333333333 0.023046875 0.035416666666666666