8 0.6142578125 0.5006944444444444 0.039453125 0.07916666666666666
6 0.3685546875 0.49270833333333336 0.044140625 0.07152777777777777
11 0.247265625 0.5152777777777777 0.0484375 0.07361111111111111
7 0.488671875 0.5017361111111112 0.04453125 0.10069444444444445
9 0.3134765625 0.3958333333333333 0.036328125 0.06527777777777778
8 0.307421875 0.509375 0.04375 0.0798611111111111
9 0.5537109375 0.3920138888888889 0.032421875 0.06597222222222222
9 0.6140625 0.39131944444444444 0.03359375 0.06875
6 0.5517578125 0.5097222222222222 0.032421875 0.08055555555555556
9 0.678515625 0.4017361111111111 0.0359375 0.07152777777777777
9 0.4294921875 0.40555555555555556 0.033203125 0.06805555555555555
9 0.4908203125 0.3871527777777778 0.030859375 0.06319444444444444
9 0.375 0.39479166666666665 0.03515625 0.06041666666666667
11 0.6814453125 0.5034722222222222 0.038671875 0.07361111111111111
9 0.2515625 0.409375 0.03828125 0.06458333333333334