10 0.18798828125 0.2760758570386579 0.06640625 0.1699489423778264
7 0.17041015625 0.36323851203501095 0.0693359375 0.1911013858497447
8 0.365234375 0.19693654266958424 0.0576171875 0.13712618526622902
8 0.1650390625 0.5991976659372721 0.06640625 0.1422319474835886
11 0.25390625 0.7388767323121809 0.0615234375 0.13274981765134938
11 0.20751953125 0.053610503282275714 0.0546875 0.10722100656455143
6 0.158203125 0.4865061998541211 0.060546875 0.13858497447118892
6 0.36279296875 0.05215171407731583 0.0498046875 0.10430342815463166
9 0.4365234375 0.2975929978118162 0.0400390625 0.09336250911743253
9 0.429443359375 0.1415025528811087 0.03759765625 0.09482129832239242
9 0.285888671875 0.059445660102115244 0.04150390625 0.09555069292487235
9 0.28125 0.2224653537563822 0.04296875 0.09773887673231219
9 0.275146484375 0.4102844638949672 0.05224609375 0.09700948212983224
9 0.264892578125 0.5113056163384391 0.04638671875 0.10357403355215171
9 0.26416015625 0.6137855579868708 0.048828125 0.10867979576951131
9 0.44677734375 0.7334062727935813 0.052734375 0.10722100656455143
2 0.590087890625 0.13092633114514954 0.04345703125 0.13202042304886943
2 0.441162109375 0.39314369073668853 0.05908203125 0.13858497447118892
4 0.787109375 0.2884755652808169 0.0634765625 0.14660831509846828
1 0.790283203125 0.36688548504741064 0.07373046875 0.1838074398249453
5 0.587646484375 0.06272793581327499 0.04541015625 0.1137855579868709
5 0.841064453125 0.7359591539022611 0.07080078125 0.12983223924142961
0 0.751953125 0.2100656455142232 0.0419921875 0.13274981765134938
0 0.70947265625 0.613420860685631 0.0576171875 0.13858497447118892
3 0.707275390625 0.5094821298322393 0.05322265625 0.09555069292487235
3 0.6962890625 0.40444930707512766 0.0498046875 0.10430342815463166
3 0.617919921875 0.6177972283005105 0.05126953125 0.10211524434719182
3 0.642333984375 0.7417943107221007 0.05126953125 0.1050328227571116
3 0.673583984375 0.22902990517870167 0.04541015625 0.09482129832239242
3 0.66357421875 0.14770240700218817 0.0390625 0.09846827133479212
3 0.519775390625 0.06673960612691467 0.03857421875 0.09555069292487235
3 0.5166015625 0.3012399708242159 0.041015625 0.10211524434719182