3 0.526171875 0.6451388888888889 0.03046875 0.08333333333333333
9 0.4587890625 0.459375 0.033984375 0.08819444444444445
9 0.454296875 0.7402777777777778 0.0390625 0.0875
2 0.3978515625 0.3784722222222222 0.039453125 0.1
11 0.3244140625 0.6590277777777778 0.051171875 0.10833333333333334
2 0.5228515625 0.8576388888888888 0.042578125 0.09861111111111111
0 0.7244140625 0.8267361111111111 0.043359375 0.11736111111111111
11 0.4025390625 0.30625 0.038671875 0.10277777777777777
5 0.572265625 0.4440972222222222 0.03359375 0.10347222222222222
6 0.3314453125 0.46631944444444445 0.046484375 0.12152777777777778
8 0.3421875 0.3736111111111111 0.04765625 0.10694444444444444
5 0.582421875 0.7319444444444444 0.03984375 0.10277777777777777
6 0.341796875 0.22083333333333333 0.04453125 0.13055555555555556
7 0.387109375 0.8447916666666667 0.0640625 0.14652777777777778
1 0.62109375 0.2482638888888889 0.0453125 0.1701388888888889
8 0.392578125 0.7510416666666667 0.046875 0.10625
3 0.50326953125 0.36270138888888886 0.0319296875 0.08581944444444445
4 0.63978515625 0.5163402777777778 0.0426953125 0.1520486111111111
0 0.763015625 0.5039722222222223 0.042328125 0.12530555555555556
10 0.395375 0.5418472222222223 0.05847265625 0.13922222222222222