11 0.684765625 0.5371527777777778 0.03515625 0.06875
11 0.253125 0.5625 0.04765625 0.06666666666666667
9 0.4330078125 0.44583333333333336 0.033203125 0.06111111111111111
8 0.31328125 0.5548611111111111 0.04140625 0.075
6 0.5560546875 0.5479166666666667 0.031640625 0.07361111111111111
9 0.55703125 0.42916666666666664 0.03203125 0.0625
9 0.6810546875 0.4361111111111111 0.036328125 0.06805555555555555
9 0.3794921875 0.43472222222222223 0.033203125 0.058333333333333334
9 0.494921875 0.4263888888888889 0.0328125 0.06111111111111111
9 0.317578125 0.4388888888888889 0.03671875 0.059722222222222225
6 0.3732421875 0.5361111111111111 0.044140625 0.06527777777777778
9 0.6173828125 0.42743055555555554 0.033984375 0.06597222222222222
9 0.2548828125 0.4545138888888889 0.041015625 0.06041666666666667
8 0.6185546875 0.5371527777777778 0.037109375 0.07152777777777777
10 0.4318359375 0.5378472222222223 0.053515625 0.08958333333333333
7 0.494140625 0.5423611111111111 0.04609375 0.09027777777777778