5 0.684375 0.5951388888888889 0.03203125 0.10972222222222222
7 0.2396484375 0.47465277777777776 0.047265625 0.1840277777777778
11 0.097265625 0.6628472222222223 0.04296875 0.11875
8 0.36015625 0.38263888888888886 0.0328125 0.1111111111111111
9 0.4318359375 0.3840277777777778 0.031640625 0.08611111111111111
3 0.4423828125 0.8552083333333333 0.027734375 0.09930555555555555
3 0.40078125 0.9159722222222222 0.03359375 0.1
3 0.529296875 0.7215277777777778 0.02890625 0.10138888888888889
9 0.1326171875 0.7149305555555555 0.041015625 0.10069444444444445
9 0.2365234375 0.6125 0.037109375 0.09305555555555556
9 0.1896484375 0.6642361111111111 0.044140625 0.09375
9 0.3630859375 0.4690972222222222 0.036328125 0.09375
9 0.323046875 0.50625 0.03515625 0.08888888888888889
9 0.4001953125 0.4284722222222222 0.033984375 0.0875
9 0.2857421875 0.5621527777777777 0.037109375 0.09236111111111112
2 0.4513671875 0.9659722222222222 0.042578125 0.0625
3 0.341796875 0.9788194444444445 0.025 0.03958333333333333
3 0.6392578125 0.5604166666666667 0.026953125 0.09305555555555556
0 0.496875 0.8975694444444444 0.03671875 0.1451388888888889
10 0.2861328125 0.4423611111111111 0.044140625 0.15555555555555556
3 0.602734375 0.6152777777777778 0.02734375 0.09444444444444444
8 0.1517578125 0.6020833333333333 0.037109375 0.11805555555555555
3 0.4837890625 0.7826388888888889 0.030859375 0.1
11 0.3939453125 0.3472222222222222 0.027734375 0.10138888888888889
6 0.19609375 0.5399305555555556 0.040625 0.1326388888888889
8 0.327734375 0.4131944444444444 0.03046875 0.12916666666666668
4 0.5408203125 0.8125 0.045703125 0.18888888888888888
3 0.6123046875 0.6847222222222222 0.034765625 0.1361111111111111
2 0.6486328125 0.6420138888888889 0.037109375 0.12430555555555556
1 0.57777734375 0.7312152777777778 0.051472656250000005 0.21535416666666668