5 0.8732421875 0.5309027777777777 0.049609375 0.13125
2 0.53515625 0.8663194444444444 0.046875 0.15069444444444444
6 0.4796875 0.22708333333333333 0.02890625 0.14722222222222223
6 0.32890625 0.3076388888888889 0.03359375 0.15555555555555556
10 0.43203125 0.23576388888888888 0.03671875 0.1798611111111111
8 0.51953125 0.19895833333333332 0.02578125 0.12152777777777778
11 0.2138671875 0.39652777777777776 0.037109375 0.12916666666666668
7 0.38046875 0.25069444444444444 0.0375 0.2125
3 0.5451171875 0.7114583333333333 0.033203125 0.11875
8 0.2765625 0.3572916666666667 0.03671875 0.13958333333333334
3 0.4154296875 0.8336805555555555 0.037890625 0.1284722222222222
3 0.4900390625 0.7569444444444444 0.037109375 0.11388888888888889
9 0.5974609375 0.2263888888888889 0.035546875 0.10277777777777777
9 0.361328125 0.39166666666666666 0.03671875 0.10972222222222222
3 0.7673828125 0.5215277777777778 0.037890625 0.1125
9 0.243359375 0.4579861111111111 0.04296875 0.11458333333333333
0 0.5982421875 0.7701388888888889 0.042578125 0.19166666666666668
9 0.30703125 0.4270833333333333 0.0375 0.10833333333333334
9 0.4630859375 0.31875 0.034765625 0.10416666666666667
11 0.56015625 0.18159722222222222 0.02890625 0.12291666666666666
9 0.509375 0.29270833333333335 0.03515625 0.11041666666666666
0 0.7701171875 0.6010416666666667 0.050390625 0.16458333333333333
9 0.4193359375 0.3597222222222222 0.036328125 0.10694444444444444
9 0.5556640625 0.26284722222222223 0.033203125 0.10347222222222222
3 0.8205078125 0.47708333333333336 0.038671875 0.11388888888888889
3 0.60078125 0.6597222222222222 0.03671875 0.12361111111111112
4 0.6619140625 0.7069444444444445 0.062890625 0.22361111111111112
5 0.45390625 0.9309027777777777 0.0421875 0.13125
3 0.66484375 0.6055555555555555 0.03671875 0.11388888888888889
1 0.71907421875 0.6303819444444444 0.05598828125000001 0.2607638888888889
2 0.821703125 0.5642430555555555 0.05503125 0.17290277777777777