11 0.278125 0.5263888888888889 0.05390625 0.08888888888888889
6 0.4037109375 0.5076388888888889 0.047265625 0.09305555555555556
10 0.4640625 0.5142361111111111 0.05625 0.12013888888888889
11 0.7322265625 0.5322916666666667 0.042578125 0.09513888888888888
6 0.5953125 0.5333333333333333 0.03671875 0.10416666666666667
9 0.6625 0.41909722222222223 0.03359375 0.08263888888888889
9 0.532421875 0.4114583333333333 0.03125 0.0798611111111111
7 0.529296875 0.51875 0.04921875 0.12916666666666668
8 0.6623046875 0.5284722222222222 0.042578125 0.09583333333333334
9 0.7298828125 0.43368055555555557 0.037109375 0.08402777777777778
9 0.4119140625 0.41215277777777776 0.033984375 0.07430555555555556
9 0.3490234375 0.4114583333333333 0.039453125 0.07569444444444444
9 0.5998046875 0.4197916666666667 0.034765625 0.07569444444444444
9 0.284375 0.4197916666666667 0.04296875 0.08125
9 0.4685546875 0.42569444444444443 0.033203125 0.075
8 0.3396484375 0.5201388888888889 0.039453125 0.09444444444444444