5 0.283984375 0.30520833333333336 0.05703125 0.14375
4 0.5900390625 0.30625 0.058203125 0.23055555555555557
0 0.4265625 0.3229166666666667 0.05234375 0.175
2 0.35390625 0.32222222222222224 0.05625 0.15694444444444444
2 0.7638671875 0.33819444444444446 0.049609375 0.16805555555555557
0 0.6728515625 0.3402777777777778 0.039453125 0.1875
3 0.335546875 0.43993055555555555 0.04453125 0.11597222222222223
3 0.2556640625 0.42430555555555555 0.051171875 0.11388888888888889
3 0.409765625 0.45069444444444445 0.04375 0.11666666666666667
3 0.4908203125 0.4673611111111111 0.039453125 0.11805555555555555
3 0.85078125 0.5076388888888889 0.046875 0.12916666666666668
1 0.5060546875 0.29756944444444444 0.055859375 0.25763888888888886
3 0.5787109375 0.48715277777777777 0.041015625 0.12430555555555556
3 0.73984375 0.5090277777777777 0.04453125 0.13055555555555556
3 0.6650390625 0.4913194444444444 0.041015625 0.11875
5 0.8625 0.3576388888888889 0.05703125 0.1638888888888889