6 0.3697265625 0.759375 0.058203125 0.11180555555555556
11 0.2556640625 0.6194444444444445 0.053515625 0.10694444444444444
2 0.315625 0.6211805555555555 0.046875 0.10625
3 0.3294921875 0.43819444444444444 0.039453125 0.07916666666666666
9 0.3888671875 0.5309027777777777 0.041015625 0.08680555555555555
5 0.5921875 0.34930555555555554 0.0359375 0.10694444444444444
0 0.4890625 0.06388888888888888 0.034375 0.12777777777777777
8 0.5826171875 0.6545138888888888 0.040234375 0.11875
9 0.5794921875 0.5600694444444444 0.036328125 0.08680555555555555
6 0.1654296875 0.7309027777777778 0.070703125 0.1076388888888889
3 0.52890625 0.43472222222222223 0.03046875 0.0875
10 0.4494140625 0.6288194444444445 0.060546875 0.1451388888888889
0 0.6634765625 0.15486111111111112 0.033984375 0.13333333333333333
5 0.4111328125 0.3295138888888889 0.040234375 0.10902777777777778
7 0.65 0.6472222222222223 0.0515625 0.16111111111111112
11 0.5078125 0.7840277777777778 0.0484375 0.1111111111111111
2 0.6583984375 0.4461805555555556 0.036328125 0.11041666666666666
4 0.4794921875 0.22152777777777777 0.048046875 0.15833333333333333
8 0.292578125 0.740625 0.05703125 0.1076388888888889
1 0.29918359375 0.20856944444444442 0.05891796875000001 0.17755555555555555