4 0.7841796875 0.2844638949671772 0.07421875 0.13712618526622902
1 0.791259765625 0.3701677607585704 0.06982421875 0.18307804522246535
0 0.75927734375 0.212253829321663 0.0546875 0.11816192560175055
0 0.80419921875 0.4938001458789205 0.0615234375 0.13274981765134938
2 0.747314453125 0.13311451495258936 0.05322265625 0.10722100656455143
2 0.826171875 0.6083150984682714 0.072265625 0.12253829321663019
5 0.84033203125 0.7301239970824216 0.0654296875 0.13274981765134938
5 0.741455078125 0.06673960612691467 0.05029296875 0.10576221735959154
3 0.660888671875 0.06090444930707513 0.04150390625 0.09263311451495258
3 0.6640625 0.1400437636761488 0.0400390625 0.09482129832239242
3 0.678466796875 0.22647702407002188 0.03857421875 0.09117432530999271
3 0.685302734375 0.3059810357403355 0.04248046875 0.09263311451495258
3 0.697021484375 0.4011670313639679 0.05029296875 0.10065645514223195
3 0.71142578125 0.5040116703136397 0.048828125 0.10649161196207148
3 0.72314453125 0.6105032822757112 0.0439453125 0.10357403355215171
3 0.738037109375 0.7315827862873815 0.04833984375 0.11232676878191102
10 0.1904296875 0.275346462436178 0.0703125 0.15536105032822758
7 0.1708984375 0.36068563092633116 0.068359375 0.19328956965718452
6 0.158935546875 0.487964989059081 0.06103515625 0.12983223924142961
8 0.197265625 0.1276440554339898 0.0546875 0.11524434719183078
8 0.155517578125 0.6203501094091903 0.06787109375 0.13202042304886943
11 0.2060546875 0.0525164113785558 0.0546875 0.1050328227571116
11 0.139892578125 0.7472647702407003 0.07275390625 0.13347921225382933
9 0.283935546875 0.055433989788475566 0.04638671875 0.09482129832239242
9 0.27880859375 0.13311451495258936 0.0478515625 0.08388037928519329
9 0.279296875 0.22283005105762219 0.0546875 0.09409190371991247
9 0.274169921875 0.3081692195477753 0.05810546875 0.08825674690007294
9 0.273193359375 0.40919037199124725 0.05810546875 0.09919766593727207
9 0.263427734375 0.5105762217359592 0.05615234375 0.09482129832239242
9 0.262451171875 0.611232676878191 0.05615234375 0.10795040116703136
9 0.25 0.7337709700948213 0.064453125 0.1137855579868709