2 0.3734375 0.7739583333333333 0.0421875 0.12708333333333333
5 0.29453125 0.8270833333333333 0.0421875 0.14027777777777778
0 0.4390625 0.7069444444444445 0.03515625 0.1527777777777778
0 0.6189453125 0.5951388888888889 0.039453125 0.14444444444444443
6 0.2806640625 0.23819444444444443 0.030078125 0.1388888888888889
3 0.4095703125 0.6451388888888889 0.030078125 0.10138888888888889
3 0.5306640625 0.5753472222222222 0.026953125 0.09791666666666667
3 0.6958984375 0.48854166666666665 0.033203125 0.09513888888888888
4 0.5017578125 0.6621527777777778 0.046484375 0.18819444444444444
3 0.2802734375 0.7201388888888889 0.034765625 0.10972222222222222
5 0.7291015625 0.5559027777777777 0.044140625 0.11736111111111111
3 0.640625 0.51875 0.02890625 0.09305555555555556
9 0.4029296875 0.271875 0.033984375 0.09652777777777778
10 0.38125 0.19166666666666668 0.03203125 0.16527777777777777
6 0.429296875 0.18958333333333333 0.0265625 0.13472222222222222
9 0.3560546875 0.303125 0.033203125 0.09513888888888888
3 0.4677734375 0.6059027777777778 0.030078125 0.10069444444444445
9 0.2474609375 0.34131944444444445 0.037890625 0.09652777777777778
3 0.3564453125 0.6690972222222222 0.033203125 0.10208333333333333
9 0.5396484375 0.2125 0.032421875 0.09166666666666666
8 0.228515625 0.2701388888888889 0.0328125 0.12222222222222222
9 0.1853515625 0.3572916666666667 0.043359375 0.09930555555555555
9 0.2994140625 0.3194444444444444 0.036328125 0.10277777777777777
9 0.4494140625 0.25729166666666664 0.035546875 0.10347222222222222
9 0.4951171875 0.23819444444444443 0.033203125 0.09166666666666666
2 0.67734375 0.5722222222222222 0.05546875 0.13055555555555556
3 0.591796875 0.5486111111111112 0.0265625 0.09166666666666666
1 0.562890625 0.6048611111111111 0.04765625 0.2111111111111111
11 0.512109375 0.16006944444444443 0.02890625 0.10625
8 0.4716796875 0.1736111111111111 0.028515625 0.10972222222222222
11 0.171484375 0.290625 0.03359375 0.11458333333333333
7 0.33046875 0.19722222222222222 0.03515625 0.18888888888888888