5 0.5744140625 0.3729166666666667 0.037109375 0.10972222222222222
3 0.503125 0.4486111111111111 0.0328125 0.09305555555555556
11 0.2107421875 0.5850694444444444 0.055078125 0.11041666666666666
3 0.2998046875 0.4131944444444444 0.041015625 0.08611111111111111
11 0.4556640625 0.8052083333333333 0.048828125 0.11319444444444444
9 0.3529296875 0.5197916666666667 0.044921875 0.08958333333333333
2 0.269921875 0.6 0.04921875 0.1111111111111111
5 0.391015625 0.3190972222222222 0.04140625 0.11319444444444444
9 0.545703125 0.5861111111111111 0.0359375 0.09027777777777778
0 0.6619140625 0.18541666666666667 0.036328125 0.1375
0 0.4888671875 0.06319444444444444 0.033984375 0.12638888888888888
6 0.3150390625 0.7527777777777778 0.061328125 0.11805555555555555
10 0.40703125 0.6326388888888889 0.0609375 0.15138888888888888
1 0.28359375 0.16909722222222223 0.05859375 0.18680555555555556
6 0.11015625 0.6826388888888889 0.07421875 0.11666666666666667
8 0.541015625 0.6857638888888888 0.040625 0.12291666666666666
4 0.46646093750000006 0.2197291666666667 0.063171875 0.17234027777777777
8 0.24157812500000003 0.7174861111111112 0.061765625000000005 0.12127777777777776
7 0.610296875 0.6871180555555556 0.05089453125 0.17159027777777777
2 0.6363671875 0.48266666666666663 0.043671875 0.12911805555555556