6 0.3736328125 0.4465277777777778 0.045703125 0.07777777777777778
8 0.62265625 0.46145833333333336 0.04375 0.08402777777777778
6 0.5587890625 0.4670138888888889 0.033984375 0.08819444444444445
7 0.4955078125 0.45625 0.044921875 0.10972222222222222
9 0.31875 0.3482638888888889 0.03671875 0.06875
9 0.6904296875 0.36180555555555555 0.037890625 0.07777777777777778
9 0.5626953125 0.3503472222222222 0.032421875 0.06875
9 0.4994140625 0.3440972222222222 0.033984375 0.07152777777777777
8 0.3115234375 0.46111111111111114 0.046484375 0.09027777777777778
10 0.4341796875 0.4517361111111111 0.050390625 0.10347222222222222
11 0.691015625 0.46319444444444446 0.04140625 0.08333333333333333
9 0.3806640625 0.3489583333333333 0.033203125 0.06597222222222222
9 0.625 0.35 0.0359375 0.07777777777777778
9 0.255078125 0.36041666666666666 0.04140625 0.07222222222222222
11 0.251953125 0.4673611111111111 0.04765625 0.07916666666666666
9 0.4359375 0.3614583333333333 0.0328125 0.07013888888888889