5 0.2724609375 0.29270833333333335 0.055078125 0.1423611111111111
0 0.6537109375 0.31631944444444443 0.041015625 0.1909722222222222
5 0.83671875 0.3326388888888889 0.0546875 0.15833333333333333
0 0.4123046875 0.30416666666666664 0.048828125 0.17916666666666667
3 0.2431640625 0.403125 0.047265625 0.11736111111111111
2 0.7419921875 0.31666666666666665 0.047265625 0.16527777777777777
2 0.341796875 0.3076388888888889 0.0515625 0.15555555555555556
3 0.3943359375 0.42604166666666665 0.041796875 0.11875
3 0.32265625 0.4173611111111111 0.04375 0.11805555555555555
3 0.6462890625 0.46041666666666664 0.037890625 0.12222222222222222
3 0.4751953125 0.4392361111111111 0.038671875 0.12013888888888889
4 0.5734375 0.28194444444444444 0.05703125 0.24027777777777778
3 0.561328125 0.4576388888888889 0.04140625 0.12777777777777777
3 0.8267578125 0.4704861111111111 0.043359375 0.1284722222222222
3 0.7189453125 0.4732638888888889 0.037890625 0.12986111111111112
1 0.4900390625 0.27534722222222224 0.054296875 0.26319444444444445