11 0.2310546875 0.53125 0.047265625 0.10555555555555556
3 0.4359375 0.3232638888888889 0.0265625 0.08125
9 0.3794921875 0.39618055555555554 0.031640625 0.08541666666666667
3 0.4130859375 0.5736111111111111 0.027734375 0.08055555555555556
0 0.56328125 0.784375 0.034375 0.11736111111111111
2 0.378125 0.753125 0.04375 0.10347222222222222
9 0.3349609375 0.6375 0.036328125 0.08333333333333333
6 0.26328125 0.3659722222222222 0.04140625 0.12083333333333333
11 0.349609375 0.24930555555555556 0.0375 0.10555555555555556
2 0.33671875 0.30972222222222223 0.0375 0.09583333333333334
5 0.4828125 0.41458333333333336 0.03125 0.09722222222222222
7 0.2546875 0.6989583333333333 0.06484375 0.15486111111111112
8 0.276171875 0.6288194444444445 0.0453125 0.10347222222222222
5 0.451171875 0.6642361111111111 0.0359375 0.10069444444444445
8 0.2857421875 0.29131944444444446 0.043359375 0.10069444444444445
1 0.55078125 0.25416666666666665 0.0359375 0.15833333333333333
10 0.3080078125 0.45069444444444445 0.053515625 0.14583333333333334
4 0.529734375 0.4915208333333333 0.0381875 0.14960416666666668
0 0.6422265625 0.5210208333333333 0.039765625 0.12531944444444446
6 0.3064140625 0.16297222222222224 0.04146875 0.12267361111111111