5 0.58740234375 0.06455142231947483 0.0546875 0.10867979576951131
1 0.7890625 0.3716265499635303 0.080078125 0.1962071480671043
5 0.840576171875 0.7272064186725018 0.07177734375 0.15171407731582787
0 0.620849609375 0.5025528811086798 0.05126953125 0.1400437636761488
4 0.596923828125 0.29540481400437635 0.06787109375 0.175054704595186
3 0.663330078125 0.14332603938730853 0.04638671875 0.10722100656455143
3 0.677734375 0.2275711159737418 0.048828125 0.10940919037199125
3 0.69775390625 0.40189642596644787 0.0498046875 0.11524434719183078
3 0.705078125 0.5094821298322393 0.05859375 0.10722100656455143
3 0.643310546875 0.7396061269146609 0.06005859375 0.12107950401167031
3 0.520263671875 0.06783369803063458 0.04052734375 0.1137855579868709
3 0.51513671875 0.3016046681254559 0.05078125 0.11013858497447118
2 0.586669921875 0.13274981765134938 0.05810546875 0.13712618526622902
2 0.44091796875 0.3964259664478483 0.0654296875 0.14077315827862874
8 0.365478515625 0.19730123997082422 0.05712890625 0.1436907366885485
10 0.3623046875 0.2939460247994165 0.060546875 0.17213712618526622
7 0.168212890625 0.36032093362509116 0.07275390625 0.19693654266958424
6 0.158935546875 0.487964989059081 0.06494140625 0.14442013129102846
11 0.254150390625 0.7399708242159008 0.06982421875 0.1363967906637491
11 0.204833984375 0.05324580598103574 0.06103515625 0.10649161196207148
8 0.16455078125 0.6013858497447119 0.076171875 0.1422319474835886
9 0.272216796875 0.4088256746900073 0.05908203125 0.10722100656455143
9 0.2626953125 0.513129102844639 0.0576171875 0.10430342815463166
9 0.26171875 0.6156090444930707 0.0576171875 0.11232676878191102
9 0.283447265625 0.05798687089715536 0.05322265625 0.10430342815463166
9 0.287353515625 0.21808898614150254 0.05224609375 0.10357403355215171
9 0.435302734375 0.3012399708242159 0.04833984375 0.10795040116703136
9 0.446533203125 0.7399708242159008 0.06787109375 0.12326768781911014