5 0.8517578125 0.4371527777777778 0.062109375 0.13958333333333334
3 0.334375 0.5239583333333333 0.04609375 0.10069444444444445
5 0.2759765625 0.3770833333333333 0.063671875 0.12361111111111112
2 0.3482421875 0.3951388888888889 0.059765625 0.1375
3 0.2537109375 0.5076388888888889 0.050390625 0.09583333333333334
3 0.4048828125 0.5350694444444445 0.044921875 0.10069444444444445
3 0.4892578125 0.5520833333333334 0.039453125 0.10277777777777777
3 0.73046875 0.5979166666666667 0.0421875 0.10972222222222222
1 0.4986328125 0.38472222222222224 0.058984375 0.20972222222222223
3 0.8392578125 0.5954861111111112 0.044140625 0.10625
2 0.755078125 0.41944444444444445 0.0515625 0.1388888888888889
3 0.6587890625 0.5802083333333333 0.039453125 0.09513888888888888
3 0.575 0.5753472222222222 0.03984375 0.1076388888888889
0 0.419921875 0.39895833333333336 0.05390625 0.15208333333333332
4 0.584375 0.3923611111111111 0.059375 0.18472222222222223
0 0.6688828124999999 0.418625 0.05090234375 0.17038194444444443