2 0.3544921875 0.24930555555555556 0.040234375 0.12361111111111112
3 0.3419921875 0.3392361111111111 0.029296875 0.09097222222222222
5 0.740625 0.2920138888888889 0.03984375 0.12430555555555556
2 0.66796875 0.2746527777777778 0.0359375 0.1284722222222222
3 0.27734375 0.32534722222222223 0.03515625 0.09097222222222222
3 0.59375 0.3854166666666667 0.02890625 0.09027777777777778
3 0.72890625 0.40069444444444446 0.03203125 0.09305555555555556
3 0.4626953125 0.36215277777777777 0.027734375 0.09375
3 0.6474609375 0.39826388888888886 0.028515625 0.10069444444444445
3 0.528515625 0.37916666666666665 0.0296875 0.09722222222222222
0 0.60078125 0.27395833333333336 0.03046875 0.14375
3 0.3986328125 0.3482638888888889 0.032421875 0.09236111111111112
4 0.5390625 0.24479166666666666 0.04140625 0.17430555555555555
0 0.4748046875 0.23506944444444444 0.039453125 0.19652777777777777
5 0.3005859375 0.234375 0.041796875 0.11875
0 0.4130859375 0.25104166666666666 0.037109375 0.13680555555555557
9 0.2376953125 0.8756944444444444 0.051953125 0.09861111111111111
9 0.3146484375 0.8920138888888889 0.048828125 0.09513888888888888
9 0.4681640625 0.9232638888888889 0.043359375 0.10069444444444445
9 0.1578125 0.8697916666666666 0.05703125 0.09930555555555555
9 0.38359375 0.9260416666666667 0.04453125 0.09930555555555555
9 0.5513671875 0.9506944444444444 0.044140625 0.09722222222222222