8 0.349609375 0.32603938730853393 0.05859375 0.13129102844638948
7 0.16259765625 0.4022611232676878 0.0732421875 0.19474835886214442
8 0.162841796875 0.5477753464624362 0.07177734375 0.13712618526622902
6 0.142822265625 0.6641137855579868 0.06494140625 0.1422319474835886
11 0.3427734375 0.7768052516411379 0.0673828125 0.1400437636761488
11 0.196533203125 0.08898614150255288 0.05224609375 0.11524434719183078
6 0.1845703125 0.15207877461706784 0.060546875 0.13785557986870897
9 0.259521484375 0.3413566739606127 0.05615234375 0.09482129832239242
9 0.246826171875 0.6688548504741065 0.05224609375 0.10649161196207148
9 0.273681640625 0.162654996353027 0.04248046875 0.0962800875273523
9 0.26123046875 0.43836615609044494 0.0498046875 0.10065645514223195
10 0.2744140625 0.21954777534646244 0.0615234375 0.16776075857038658
9 0.4130859375 0.08716265499635302 0.044921875 0.10284463894967177
9 0.4169921875 0.2461706783369803 0.0458984375 0.099927060539752
9 0.4287109375 0.5605397520058352 0.0498046875 0.10576221735959154
9 0.448486328125 0.7862873814733771 0.05615234375 0.10940919037199125
1 0.771728515625 0.30233406272793584 0.07470703125 0.1962071480671043
2 0.816162109375 0.5448577680525164 0.07373046875 0.13274981765134938
5 0.84765625 0.7859226841721372 0.07421875 0.13785557986870897
5 0.73046875 0.08351568198395332 0.052734375 0.1174325309992706
0 0.650634765625 0.08278628738147338 0.05126953125 0.13785557986870897
0 0.35546875 0.5430342815463166 0.0615234375 0.1349380014587892
3 0.355712890625 0.44784828592268416 0.04638671875 0.09773887673231219
3 0.576171875 0.17541940189642596 0.0419921875 0.099927060539752
3 0.5048828125 0.08898614150255288 0.0419921875 0.09773887673231219
3 0.51171875 0.26440554339897887 0.044921875 0.099927060539752
3 0.544677734375 0.6663019693654267 0.04833984375 0.10867979576951131
3 0.743896484375 0.7859226841721372 0.05322265625 0.10722100656455143
4 0.70361328125 0.41210795040116704 0.0712890625 0.17359591539022612
2 0.6064453125 0.3424507658643326 0.0625 0.14077315827862874
3 0.6806640625 0.34318016046681254 0.0498046875 0.10722100656455143
3 0.5986328125 0.5441283734500365 0.0537109375 0.10940919037199125