11 0.438720703125 0.25346462436177974 0.05810546875 0.1276440554339898
7 0.3515625 0.4113785557986871 0.0732421875 0.2013129102844639
9 0.4267578125 0.3402625820568928 0.052734375 0.11013858497447118
9 0.35400390625 0.1797957695113056 0.052734375 0.10867979576951131
9 0.26904296875 0.08898614150255288 0.05078125 0.1050328227571116
9 0.2548828125 0.6735959153902261 0.05859375 0.11451495258935084
1 0.6572265625 0.7472647702407003 0.0810546875 0.20787746170678337
5 0.84521484375 0.7840991976659373 0.078125 0.13858497447118892
4 0.59375 0.324945295404814 0.0634765625 0.18161925601750548
3 0.6767578125 0.2549234135667396 0.04296875 0.10576221735959154
3 0.513671875 0.33698030634573306 0.0458984375 0.1050328227571116
3 0.62255859375 0.5474106491611962 0.052734375 0.11159737417943107