10 0.27294921875 0.2213712618526623 0.072265625 0.16411378555798686
1 0.77001953125 0.29832239241429614 0.076171875 0.18964259664478483
0 0.65087890625 0.07840991976659373 0.052734375 0.13785557986870897
5 0.731689453125 0.0849744711889132 0.05419921875 0.11597374179431072
3 0.684326171875 0.3435448577680525 0.04931640625 0.10065645514223195
5 0.847412109375 0.7837345003646973 0.07861328125 0.1349380014587892
3 0.741455078125 0.7866520787746171 0.06103515625 0.10867979576951131
2 0.648193359375 0.6626549963530269 0.06689453125 0.13202042304886943
2 0.607666015625 0.34208606856309265 0.05322265625 0.13274981765134938
4 0.519287109375 0.4197665937272064 0.06298828125 0.17432530999270604
3 0.540771484375 0.6681254558716265 0.05517578125 0.11086797957695113
3 0.59814453125 0.5459518599562363 0.048828125 0.11013858497447118
3 0.576171875 0.17432530999270604 0.04296875 0.09919766593727207
3 0.508056640625 0.09008023340627279 0.03662109375 0.10138584974471189
3 0.51318359375 0.262217359591539 0.0458984375 0.10138584974471189
3 0.358154296875 0.4511305616338439 0.04638671875 0.10722100656455143
0 0.359375 0.537563822027717 0.0556640625 0.13858497447118892
7 0.16162109375 0.4062727935813275 0.0703125 0.19401896425966447
11 0.196533203125 0.08679795769511306 0.05126953125 0.11962071480671042
8 0.351318359375 0.3289569657184537 0.05908203125 0.12837345003646974
8 0.160400390625 0.5455871626549964 0.06884765625 0.13274981765134938
6 0.185791015625 0.1513493800145879 0.05322265625 0.13931436907366884
6 0.1416015625 0.6626549963530269 0.0673828125 0.13785557986870897
9 0.27294921875 0.16411378555798686 0.04296875 0.09190371991247265
9 0.2587890625 0.3347921225382932 0.05078125 0.10065645514223195
9 0.245361328125 0.6677607585703865 0.05712890625 0.11451495258935084
9 0.2587890625 0.437636761487965 0.05078125 0.1050328227571116
9 0.413818359375 0.08679795769511306 0.04345703125 0.10065645514223195
9 0.4169921875 0.24434719183078046 0.0439453125 0.1050328227571116
9 0.431640625 0.5576221735959154 0.046875 0.10722100656455143