11 0.6814453125 0.5121527777777778 0.037109375 0.07291666666666667
6 0.36953125 0.5059027777777778 0.04375 0.07291666666666667
8 0.6154296875 0.5107638888888889 0.036328125 0.07569444444444444
11 0.2494140625 0.5274305555555555 0.048046875 0.06875
9 0.4306640625 0.415625 0.032421875 0.06458333333333334
8 0.3078125 0.5215277777777778 0.04375 0.08194444444444444
6 0.5521484375 0.5211805555555555 0.033984375 0.0798611111111111
9 0.6787109375 0.4107638888888889 0.035546875 0.07013888888888889
9 0.5541015625 0.403125 0.032421875 0.06458333333333334
7 0.490234375 0.5128472222222222 0.04609375 0.09791666666666667
9 0.376953125 0.40625 0.03515625 0.06111111111111111
9 0.4919921875 0.39861111111111114 0.031640625 0.06388888888888888
9 0.3146484375 0.4076388888888889 0.037109375 0.06388888888888888
9 0.6140625 0.4017361111111111 0.03359375 0.06736111111111111
10 0.4283203125 0.5072916666666667 0.054296875 0.09513888888888888
9 0.253125 0.421875 0.04140625 0.06458333333333334