8 0.244140625 0.6422319474835886 0.0693359375 0.15973741794310722
1 0.769287109375 0.3037928519328957 0.08154296875 0.20204230488694383
5 0.571533203125 0.08169219547775347 0.05712890625 0.13129102844638948
0 0.506103515625 0.23048869438366157 0.05810546875 0.14587892049598833
3 0.419677734375 0.18052516411378555 0.05029296875 0.10576221735959154
3 0.684814453125 0.34719183078045224 0.04638671875 0.11232676878191102
3 0.606201171875 0.5393873085339168 0.05419921875 0.12035010940919037
3 0.5419921875 0.6659372720641867 0.0546875 0.11670313639679067
8 0.452880859375 0.6466083150984683 0.07080078125 0.15536105032822758
6 0.43994140625 0.42924872355944566 0.0595703125 0.15536105032822758
7 0.163818359375 0.30233406272793584 0.07568359375 0.20787746170678337
11 0.43359375 0.07840991976659373 0.0546875 0.1276440554339898
10 0.345458984375 0.14806710430342815 0.05908203125 0.1765134938001459
9 0.272705078125 0.1673960612691466 0.05126953125 0.10867979576951131
9 0.25927734375 0.34172137126185265 0.0595703125 0.11013858497447118
9 0.34814453125 0.33150984682713347 0.0546875 0.11451495258935084
9 0.35595703125 0.5572574762946754 0.0556640625 0.12545587162654998