5 0.8541015625 0.4232638888888889 0.058203125 0.15208333333333332
2 0.7580078125 0.4065972222222222 0.051953125 0.15486111111111112
5 0.2796875 0.37118055555555557 0.0578125 0.1284722222222222
0 0.4228515625 0.3885416666666667 0.053515625 0.15763888888888888
3 0.255078125 0.49409722222222224 0.05234375 0.10486111111111111
3 0.334765625 0.509375 0.046875 0.1076388888888889
3 0.4892578125 0.5350694444444445 0.039453125 0.11458333333333333
2 0.3513671875 0.3819444444444444 0.055859375 0.15416666666666667
1 0.4998046875 0.3645833333333333 0.060546875 0.24027777777777778
3 0.4056640625 0.5211805555555555 0.046484375 0.1076388888888889
3 0.5748046875 0.5579861111111111 0.039453125 0.11458333333333333
3 0.73359375 0.5822916666666667 0.04296875 0.12152777777777778
3 0.6599609375 0.5614583333333333 0.041015625 0.11319444444444444
3 0.8423828125 0.5795138888888889 0.045703125 0.11736111111111111
4 0.5853515625 0.3753472222222222 0.059765625 0.20347222222222222
0 0.66640625 0.40729166666666666 0.040625 0.1701388888888889