6 0.5611328125 0.46111111111111114 0.034765625 0.08888888888888889
11 0.6935546875 0.45694444444444443 0.044921875 0.08611111111111111
6 0.3740234375 0.4395833333333333 0.047265625 0.08194444444444444
8 0.6259765625 0.4548611111111111 0.042578125 0.08611111111111111
9 0.31953125 0.3416666666666667 0.03828125 0.06944444444444445
9 0.5650390625 0.34305555555555556 0.033203125 0.07083333333333333
9 0.626171875 0.3423611111111111 0.03515625 0.0763888888888889
9 0.437109375 0.35347222222222224 0.03359375 0.06805555555555555
9 0.380859375 0.34131944444444445 0.0328125 0.06875
9 0.693359375 0.3541666666666667 0.0375 0.07916666666666666
9 0.5009765625 0.3371527777777778 0.033203125 0.07430555555555556
7 0.4970703125 0.44930555555555557 0.047265625 0.11527777777777778
11 0.2529296875 0.4597222222222222 0.048046875 0.08055555555555556
10 0.434765625 0.4444444444444444 0.0515625 0.10833333333333334
9 0.2560546875 0.3541666666666667 0.042578125 0.06944444444444445
8 0.312109375 0.45555555555555555 0.0453125 0.09166666666666666