5 0.67890625 0.571875 0.05546875 0.16041666666666668
5 0.48359375 0.39166666666666666 0.03828125 0.15138888888888888
11 0.20625 0.4947916666666667 0.05859375 0.16458333333333333
3 0.36015625 0.41631944444444446 0.0375 0.12291666666666666
2 0.2548828125 0.546875 0.057421875 0.1701388888888889
3 0.5685546875 0.5913194444444444 0.042578125 0.13402777777777777
0 0.8369140625 0.4552083333333333 0.061328125 0.19236111111111112
2 0.7244140625 0.7385416666666667 0.066015625 0.1840277777777778
8 0.18125 0.6347222222222222 0.0625 0.18055555555555555
6 0.242578125 0.7211805555555556 0.0703125 0.21736111111111112
9 0.5759765625 0.7670138888888889 0.048828125 0.14930555555555555
11 0.38125 0.9059027777777777 0.06875 0.18680555555555556
0 0.6654296875 0.2388888888888889 0.040234375 0.1763888888888889
7 0.6197265625 0.8743055555555556 0.083984375 0.25
6 0.0716796875 0.49756944444444445 0.075390625 0.2076388888888889
8 0.5302734375 0.8625 0.062109375 0.21388888888888888
10 0.3888671875 0.6673611111111111 0.069140625 0.275
4 0.594140625 0.33819444444444446 0.0546875 0.24027777777777778
1 0.42066406250000005 0.20186805555555556 0.0590625 0.2670972222222222