6 0.4080078125 0.5041666666666667 0.047265625 0.09722222222222222
6 0.5990234375 0.5309027777777777 0.038671875 0.10625
11 0.2818359375 0.5222222222222223 0.050390625 0.09027777777777778
8 0.3435546875 0.5170138888888889 0.044921875 0.10069444444444445
7 0.533984375 0.5149305555555556 0.04765625 0.13125
9 0.2892578125 0.4173611111111111 0.043359375 0.08055555555555556
9 0.355078125 0.409375 0.03984375 0.07708333333333334
9 0.603515625 0.4173611111111111 0.0328125 0.07916666666666666
9 0.5375 0.409375 0.03046875 0.07847222222222222
9 0.6677734375 0.4184027777777778 0.033984375 0.08541666666666667
11 0.73671875 0.5309027777777777 0.04375 0.09652777777777778
9 0.4162109375 0.40902777777777777 0.031640625 0.0763888888888889
10 0.46953125 0.5121527777777778 0.0609375 0.1284722222222222
9 0.473046875 0.42430555555555555 0.034375 0.07777777777777778
9 0.7333984375 0.43368055555555557 0.038671875 0.08402777777777778
8 0.6646484375 0.5274305555555555 0.042578125 0.09791666666666667