9 0.276611328125 0.1673960612691466 0.05810546875 0.10867979576951131
6 0.44384765625 0.43070751276440555 0.0595703125 0.13931436907366884
7 0.166015625 0.3059810357403355 0.076171875 0.2049598832968636
10 0.347412109375 0.15025528811086797 0.06298828125 0.17797228300510576
11 0.436279296875 0.3409919766593727 0.06005859375 0.1276440554339898
8 0.451416015625 0.6487964989059081 0.06689453125 0.15536105032822758
9 0.259033203125 0.3362509117432531 0.05615234375 0.11816192560175055
9 0.354248046875 0.5605397520058352 0.05908203125 0.12180889861415026
5 0.27099609375 0.06965718453683442 0.0576171875 0.1261852662290299
2 0.24462890625 0.6455142231947484 0.068359375 0.1575492341356674
1 0.7705078125 0.30051057622173594 0.0888671875 0.20568927789934355
3 0.5419921875 0.6644784828592268 0.056640625 0.11962071480671042
3 0.58984375 0.3508388037928519 0.048828125 0.1137855579868709
3 0.607177734375 0.5401167031363968 0.05615234375 0.12472647702407003