5 0.67421875 0.5100694444444445 0.0484375 0.12986111111111112
2 0.3271484375 0.4798611111111111 0.046484375 0.13333333333333333
11 0.283984375 0.42569444444444443 0.046875 0.12916666666666668
3 0.4078125 0.3416666666666667 0.0328125 0.10138888888888889
8 0.2724609375 0.5604166666666667 0.049609375 0.13333333333333333
11 0.4392578125 0.8083333333333333 0.051171875 0.14027777777777778
6 0.3271484375 0.6458333333333334 0.054296875 0.15
3 0.5837890625 0.5236111111111111 0.036328125 0.10277777777777777
5 0.5140625 0.32256944444444446 0.03515625 0.12430555555555556
9 0.4271484375 0.47291666666666665 0.037890625 0.10694444444444444
0 0.814453125 0.3954861111111111 0.05546875 0.15208333333333332
8 0.551953125 0.7673611111111112 0.0484375 0.14583333333333334
6 0.173046875 0.4354166666666667 0.0640625 0.15416666666666667
7 0.6162109375 0.8277777777777777 0.065234375 0.20555555555555555
4 0.6132226562499999 0.28707638888888887 0.050503906249999994 0.1904375
1 0.45512890625 0.11936805555555555 0.0547890625 0.21334722222222224
0 0.6782578125 0.16674305555555557 0.04309375 0.16374305555555554
2 0.7013046875 0.6695347222222222 0.06419140625 0.14773611111111112
10 0.44155859375000006 0.604111111111111 0.052425781250000004 0.17789583333333334
9 0.58891015625 0.6794722222222223 0.0331171875 0.10354861111111112