6 0.258203125 0.4482638888888889 0.05078125 0.16041666666666668
5 0.7205078125 0.7416666666666667 0.049609375 0.14444444444444443
11 0.20703125 0.6159722222222223 0.05546875 0.14027777777777778
8 0.2376953125 0.5298611111111111 0.050390625 0.14305555555555555
3 0.656640625 0.40520833333333334 0.03125 0.10069444444444445
3 0.6341796875 0.7163194444444444 0.036328125 0.11597222222222223
2 0.7224609375 0.6270833333333333 0.048828125 0.15138888888888888
9 0.271484375 0.640625 0.0453125 0.11458333333333333
3 0.671875 0.240625 0.0265625 0.09513888888888888
9 0.3283203125 0.4895833333333333 0.037109375 0.10138888888888889
9 0.382421875 0.31006944444444445 0.034375 0.09930555555555555
9 0.39765625 0.2586805555555556 0.034375 0.08819444444444445
9 0.3533203125 0.4215277777777778 0.033203125 0.1
9 0.3609375 0.35625 0.03515625 0.1
7 0.2798828125 0.35659722222222223 0.055078125 0.22152777777777777
11 0.35546875 0.19375 0.0359375 0.1111111111111111
10 0.3064453125 0.3145833333333333 0.046484375 0.18611111111111112
3 0.633203125 0.6145833333333334 0.03515625 0.10694444444444444
9 0.30703125 0.559375 0.03984375 0.10625
3 0.664453125 0.34375 0.02734375 0.09027777777777778
9 0.408203125 0.2076388888888889 0.028125 0.09027777777777778
3 0.6431640625 0.5368055555555555 0.033984375 0.12777777777777777
3 0.6458984375 0.47430555555555554 0.027734375 0.1111111111111111
3 0.669140625 0.28923611111111114 0.028125 0.08541666666666667
8 0.3357421875 0.25 0.041015625 0.14166666666666666
6 0.3306328125 0.27070833333333333 0.03209765625 0.13100694444444444
0 0.72239453125 0.5071041666666667 0.0532578125 0.09684027777777778
4 0.73137890625 0.4015833333333333 0.0509140625 0.11633333333333334
1 0.72786328125 0.30230555555555555 0.0501328125 0.09002083333333333
5 0.73235546875 0.21240277777777777 0.0450546875 0.06994444444444445