5 0.24609375 0.3489583333333333 0.06171875 0.09791666666666667
3 0.30859375 0.5045138888888889 0.04609375 0.07430555555555556
5 0.80703125 0.43819444444444444 0.06015625 0.10277777777777777
2 0.71328125 0.415625 0.04921875 0.10902777777777778
0 0.390625 0.3909722222222222 0.053125 0.10138888888888889
3 0.23125 0.4840277777777778 0.053125 0.07083333333333333
3 0.459375 0.540625 0.03671875 0.07013888888888889
3 0.7875 0.5979166666666667 0.040625 0.07222222222222222
2 0.3173828125 0.3746527777777778 0.060546875 0.10625
3 0.6859375 0.59375 0.0421875 0.0763888888888889
4 0.5498046875 0.3902777777777778 0.059765625 0.1388888888888889
3 0.3796875 0.5166666666666667 0.04765625 0.075
3 0.61953125 0.5736111111111111 0.03671875 0.06805555555555555
3 0.5404296875 0.5659722222222222 0.038671875 0.07777777777777778
1 0.466015625 0.3888888888888889 0.06015625 0.14583333333333334
0 0.6267578125 0.42256944444444444 0.038671875 0.10902777777777778