6 0.4025390625 0.321875 0.032421875 0.13819444444444445
0 0.6466796875 0.7680555555555556 0.041015625 0.15138888888888888
8 0.3556640625 0.36493055555555554 0.030078125 0.12291666666666666
3 0.5515625 0.7447916666666666 0.03515625 0.10625
3 0.4876953125 0.8138888888888889 0.036328125 0.1125
3 0.7048828125 0.6170138888888889 0.033203125 0.1076388888888889
2 0.59375 0.8454861111111112 0.046875 0.13680555555555557
5 0.8904296875 0.5510416666666667 0.044921875 0.12152777777777778
9 0.3271484375 0.4583333333333333 0.036328125 0.10277777777777777
3 0.5990234375 0.7052083333333333 0.030859375 0.10347222222222222
0 0.797265625 0.6125 0.04375 0.14722222222222223
3 0.797265625 0.5322916666666667 0.03203125 0.09236111111111112
3 0.6482421875 0.65625 0.032421875 0.10138888888888889
9 0.3833984375 0.43333333333333335 0.035546875 0.09444444444444444
10 0.4939453125 0.2548611111111111 0.032421875 0.16805555555555557
5 0.5228515625 0.9152777777777777 0.039453125 0.14305555555555555
9 0.4306640625 0.4 0.032421875 0.09722222222222222
9 0.64296875 0.24583333333333332 0.0328125 0.09305555555555556
9 0.4830078125 0.3704861111111111 0.033984375 0.09513888888888888
9 0.5212890625 0.33090277777777777 0.033984375 0.09513888888888888
4 0.704296875 0.7072916666666667 0.05703125 0.18958333333333333
9 0.605078125 0.2809027777777778 0.03125 0.09236111111111112
9 0.565234375 0.30694444444444446 0.03125 0.10416666666666667
11 0.608984375 0.2013888888888889 0.02734375 0.11388888888888889
6 0.537109375 0.246875 0.02734375 0.1284722222222222
8 0.571484375 0.21840277777777778 0.0265625 0.11458333333333333
7 0.4478515625 0.26979166666666665 0.033203125 0.18958333333333333
2 0.8423828125 0.5732638888888889 0.048828125 0.14930555555555555
1 0.753515625 0.6368055555555555 0.0484375 0.21805555555555556
11 0.30074999999999996 0.4012638888888889 0.04107421875 0.1078888888888889
3 0.8451367187500001 0.4890833333333333 0.04409765625 0.09197916666666665