4 0.783203125 0.2964989059080963 0.0732421875 0.162654996353027
1 0.7890625 0.36943836615609044 0.0771484375 0.18891320204230488
0 0.76220703125 0.21444201312910285 0.0517578125 0.12837345003646974
0 0.804443359375 0.49671772428884026 0.05908203125 0.12837345003646974
2 0.746826171875 0.13676148796498905 0.05517578125 0.11889132020423049
2 0.826171875 0.613056163384391 0.072265625 0.12326768781911014
5 0.741943359375 0.0674690007293946 0.04931640625 0.10138584974471189
5 0.840576171875 0.7330415754923414 0.06884765625 0.12253829321663019
3 0.73876953125 0.7355944566010212 0.05078125 0.10138584974471189
3 0.7236328125 0.6145149525893508 0.05078125 0.09700948212983224
3 0.711669921875 0.5094821298322393 0.05029296875 0.09555069292487235
3 0.69921875 0.4048140043763676 0.0439453125 0.09482129832239242
3 0.685791015625 0.3078045222465354 0.04345703125 0.09482129832239242
3 0.67431640625 0.22793581327498177 0.044921875 0.09409190371991247
3 0.666748046875 0.14587892049598833 0.04150390625 0.09190371991247265
3 0.66064453125 0.06090444930707513 0.0380859375 0.09700948212983224
10 0.189453125 0.2778993435448578 0.0634765625 0.16630196936542668
7 0.174072265625 0.3639679066374909 0.06689453125 0.1925601750547046
6 0.19189453125 0.20350109409190373 0.0498046875 0.12837345003646974
6 0.159423828125 0.4894237782640408 0.05908203125 0.13712618526622902
8 0.198974609375 0.12837345003646974 0.05615234375 0.12107950401167031
8 0.15673828125 0.6225382932166302 0.06640625 0.13202042304886943
11 0.208740234375 0.05288110867979577 0.04931640625 0.10576221735959154
11 0.140625 0.7476294675419402 0.0712890625 0.13566739606126915
9 0.28173828125 0.05798687089715536 0.0439453125 0.08825674690007294
9 0.28173828125 0.1389496717724289 0.044921875 0.08971553610503283
9 0.28076171875 0.22392414296134208 0.04296875 0.0962800875273523
9 0.275390625 0.3074398249452954 0.0498046875 0.09700948212983224
9 0.273681640625 0.40919037199124725 0.05419921875 0.10065645514223195
9 0.2646484375 0.5116703136396791 0.0537109375 0.09846827133479212
9 0.263916015625 0.612691466083151 0.05126953125 0.10649161196207148
9 0.254150390625 0.7341356673960613 0.05126953125 0.11159737417943107