5 0.2466796875 0.3715277777777778 0.061328125 0.09583333333333334
5 0.8103515625 0.4565972222222222 0.058984375 0.10486111111111111
3 0.3095703125 0.5260416666666666 0.046484375 0.07291666666666667
2 0.7154296875 0.43506944444444445 0.047265625 0.1076388888888889
0 0.39140625 0.41180555555555554 0.0546875 0.10277777777777777
3 0.460546875 0.5600694444444444 0.0375 0.07152777777777777
3 0.380078125 0.5364583333333334 0.04609375 0.07569444444444444
1 0.466796875 0.40902777777777777 0.0609375 0.14444444444444443
3 0.7900390625 0.6170138888888889 0.040234375 0.07291666666666667
3 0.23125 0.5059027777777778 0.05390625 0.07291666666666667
3 0.6890625 0.6135416666666667 0.03984375 0.07708333333333334
2 0.3181640625 0.3954861111111111 0.061328125 0.1076388888888889
3 0.541796875 0.5836805555555555 0.03828125 0.07847222222222222
3 0.621484375 0.5934027777777777 0.03671875 0.06875
4 0.5515625 0.4097222222222222 0.06171875 0.14166666666666666
0 0.6287109375 0.4409722222222222 0.037109375 0.10833333333333334