11 0.1916015625 0.6385416666666667 0.055859375 0.1423611111111111
5 0.71171875 0.7590277777777777 0.05 0.1486111111111111
10 0.291796875 0.3295138888888889 0.05078125 0.1840277777777778
2 0.714453125 0.6368055555555555 0.04921875 0.14166666666666666
8 0.2212890625 0.5503472222222222 0.048828125 0.1451388888888889
3 0.626171875 0.7333333333333333 0.0375 0.11805555555555555
9 0.291796875 0.5791666666666667 0.0453125 0.10833333333333334
9 0.339453125 0.43680555555555556 0.03515625 0.10138888888888889
3 0.6458984375 0.4166666666666667 0.030078125 0.1
9 0.385546875 0.2701388888888889 0.034375 0.09583333333333334
3 0.634375 0.490625 0.03125 0.11319444444444444
9 0.257421875 0.6628472222222223 0.04296875 0.11319444444444444
9 0.314453125 0.5076388888888889 0.03984375 0.10138888888888889
11 0.3419921875 0.2065972222222222 0.034765625 0.11180555555555556
6 0.3158203125 0.28958333333333336 0.038671875 0.14166666666666666
3 0.6576171875 0.29965277777777777 0.032421875 0.09652777777777778
3 0.6529296875 0.3545138888888889 0.027734375 0.09791666666666667
9 0.395703125 0.21840277777777778 0.03046875 0.09236111111111112
9 0.3486328125 0.371875 0.037109375 0.09930555555555555
3 0.6619140625 0.24479166666666666 0.024609375 0.08680555555555555
6 0.243359375 0.4652777777777778 0.0484375 0.15555555555555556
3 0.6279296875 0.6225694444444444 0.041796875 0.11736111111111111
7 0.2666015625 0.3767361111111111 0.055859375 0.21736111111111112
9 0.3716796875 0.3232638888888889 0.035546875 0.09930555555555555
8 0.3259765625 0.24791666666666667 0.037109375 0.1125
3 0.6341171875 0.5503125 0.035812500000000004 0.12423611111111112
0 0.71262890625 0.5182083333333334 0.057160156250000003 0.10516666666666666
5 0.72083203125 0.22316666666666668 0.040757812500000004 0.05675