4 0.60205078125 0.2899343544857768 0.076171875 0.1787016776075857
2 0.445068359375 0.3967906637490883 0.07177734375 0.1415025528811087
6 0.44091796875 0.5991976659372721 0.0693359375 0.15098468271334792
10 0.36279296875 0.2899343544857768 0.0673828125 0.17578409919766594
8 0.16650390625 0.5944566010211525 0.0751953125 0.16338439095550694
7 0.267578125 0.3676148796498906 0.0791015625 0.19693654266958424
11 0.2060546875 0.05579868708971553 0.0625 0.11159737417943107
11 0.255126953125 0.7417943107221007 0.08251953125 0.1400437636761488
9 0.260498046875 0.611962071480671 0.06298828125 0.10795040116703136
9 0.286865234375 0.21553610503282275 0.05712890625 0.10576221735959154
9 0.285400390625 0.05762217359591539 0.05712890625 0.10357403355215171
9 0.439208984375 0.30306345733041573 0.04638671875 0.10138584974471189
9 0.449462890625 0.7355944566010212 0.06396484375 0.1174325309992706
3 0.519775390625 0.06564551422319474 0.05419921875 0.10211524434719182
3 0.67919921875 0.23085339168490154 0.0546875 0.10867979576951131
3 0.662841796875 0.14296134208606856 0.05126953125 0.10211524434719182
3 0.51806640625 0.30087527352297594 0.0556640625 0.10576221735959154
3 0.622802734375 0.5051057622173596 0.05908203125 0.1174325309992706
3 0.6982421875 0.4048140043763676 0.052734375 0.1137855579868709
1 0.791015625 0.36688548504741064 0.0810546875 0.20568927789934355
5 0.8388671875 0.7341356673960613 0.0830078125 0.1436907366885485