11 0.269921875 0.5274305555555555 0.05078125 0.08541666666666667
7 0.5197265625 0.5166666666666667 0.045703125 0.12638888888888888
9 0.6529296875 0.4152777777777778 0.033984375 0.08194444444444444
6 0.5861328125 0.53125 0.034765625 0.09583333333333334
6 0.394921875 0.5079861111111111 0.0484375 0.08819444444444445
11 0.7228515625 0.5284722222222222 0.044921875 0.09444444444444444
9 0.3404296875 0.41006944444444443 0.037890625 0.07291666666666667
9 0.4599609375 0.4232638888888889 0.032421875 0.07152777777777777
9 0.58984375 0.4152777777777778 0.0328125 0.07222222222222222
9 0.402734375 0.4111111111111111 0.03671875 0.07361111111111111
9 0.720703125 0.4284722222222222 0.0390625 0.08472222222222223
8 0.652734375 0.5260416666666666 0.03984375 0.08958333333333333
9 0.5244140625 0.40868055555555555 0.033984375 0.07847222222222222
10 0.45625 0.5131944444444444 0.05234375 0.11388888888888889
8 0.3302734375 0.5222222222222223 0.043359375 0.09444444444444444
9 0.2751953125 0.4204861111111111 0.039453125 0.07430555555555556