6 0.315625 0.8371527777777777 0.04921875 0.09791666666666667
3 0.327734375 0.2642361111111111 0.0296875 0.07847222222222222
5 0.283984375 0.17291666666666666 0.03671875 0.09305555555555556
11 0.184375 0.8465277777777778 0.05234375 0.09444444444444444
3 0.3759765625 0.2690972222222222 0.029296875 0.07847222222222222
3 0.43359375 0.27881944444444445 0.0234375 0.07708333333333334
3 0.269921875 0.2565972222222222 0.02734375 0.07430555555555556
3 0.5458984375 0.28888888888888886 0.023828125 0.075
3 0.4896484375 0.2864583333333333 0.023046875 0.08263888888888889
10 0.3779296875 0.8496527777777778 0.056640625 0.12430555555555556
2 0.6064453125 0.18645833333333334 0.030078125 0.10625
7 0.4455078125 0.8600694444444444 0.050390625 0.13958333333333334
3 0.5912109375 0.2951388888888889 0.027734375 0.08472222222222223
3 0.6591796875 0.2902777777777778 0.026953125 0.07916666666666666
2 0.3337890625 0.18020833333333333 0.033984375 0.1076388888888889
8 0.2474609375 0.8472222222222222 0.050390625 0.10277777777777777
5 0.668359375 0.1951388888888889 0.0328125 0.10138888888888889
11 0.6556640625 0.8989583333333333 0.038671875 0.09791666666666667
9 0.45625 0.7440972222222222 0.03203125 0.0798611111111111
9 0.5884765625 0.7677083333333333 0.034765625 0.08402777777777778
9 0.5240234375 0.7597222222222222 0.034765625 0.08194444444444444
9 0.65625 0.7920138888888889 0.0359375 0.08263888888888889
6 0.515234375 0.884375 0.0375 0.10486111111111111
9 0.3890625 0.7548611111111111 0.03515625 0.0763888888888889
9 0.3318359375 0.7350694444444444 0.036328125 0.07569444444444444
9 0.268359375 0.7288194444444445 0.0390625 0.07708333333333334
1 0.4388671875 0.16493055555555555 0.034765625 0.15902777777777777
9 0.200390625 0.734375 0.04453125 0.07847222222222222
8 0.5854921875 0.8889583333333333 0.04971875 0.09777777777777778
0 0.54965625 0.18848611111111113 0.03740625 0.12372916666666665
0 0.386484375 0.18275694444444446 0.04538671875 0.11782638888888888
4 0.49624218750000004 0.16974305555555555 0.052437500000000005 0.16120138888888888