6 0.21015625 0.5354166666666667 0.0390625 0.16805555555555557
3 0.7015625 0.4798611111111111 0.0265625 0.09722222222222222
3 0.6380859375 0.44930555555555557 0.027734375 0.09583333333333334
3 0.411328125 0.3055555555555556 0.0234375 0.08472222222222223
3 0.47890625 0.34756944444444443 0.02265625 0.08680555555555555
5 0.745703125 0.43194444444444446 0.0328125 0.12638888888888888
6 0.326953125 0.6673611111111111 0.04921875 0.19583333333333333
0 0.6361328125 0.36527777777777776 0.025390625 0.14583333333333334
2 0.6875 0.3923611111111111 0.0296875 0.12361111111111112
3 0.5171875 0.3732638888888889 0.02265625 0.09097222222222222
9 0.48984375 0.7347222222222223 0.0421875 0.13333333333333333
9 0.39375 0.6350694444444445 0.0359375 0.11736111111111111
0 0.5103515625 0.29930555555555555 0.021484375 0.13194444444444445
10 0.23828125 0.5548611111111111 0.0609375 0.2361111111111111
11 0.1337890625 0.49236111111111114 0.043359375 0.125
3 0.601171875 0.4236111111111111 0.0265625 0.09166666666666666
3 0.555859375 0.39895833333333336 0.0265625 0.09930555555555555
2 0.4771484375 0.29583333333333334 0.023828125 0.1111111111111111
1 0.551953125 0.29618055555555556 0.03046875 0.18819444444444444
8 0.379296875 0.7315972222222222 0.053125 0.15486111111111112
11 0.4384765625 0.7895833333333333 0.052734375 0.17222222222222222
9 0.441796875 0.6784722222222223 0.034375 0.12361111111111112
9 0.350390625 0.5892361111111111 0.0359375 0.11180555555555556
7 0.27897656249999997 0.5791805555555556 0.07095312499999999 0.25552777777777774
8 0.16384765625 0.5166805555555556 0.04534765625 0.1444097222222222
9 0.18620703125 0.4605902777777778 0.028664062499999997 0.10103472222222223
5 0.44858984375000005 0.27525694444444443 0.0305546875 0.10295138888888888
3 0.44566015625000005 0.32906250000000004 0.0246953125 0.0995138888888889
4 0.5960390624999999 0.3226527777777778 0.0364375 0.17830555555555555