5 0.2654296875 0.41354166666666664 0.058203125 0.10069444444444445
0 0.409765625 0.45034722222222223 0.05234375 0.1076388888888889
3 0.248828125 0.5472222222222223 0.05078125 0.075
3 0.3271484375 0.565625 0.046484375 0.07708333333333334
3 0.3982421875 0.5774305555555556 0.045703125 0.0798611111111111
5 0.8291015625 0.49270833333333336 0.062109375 0.11180555555555556
2 0.73515625 0.47256944444444443 0.05078125 0.11458333333333333
3 0.7095703125 0.6524305555555555 0.041796875 0.08402777777777778
3 0.8126953125 0.6555555555555556 0.043359375 0.08055555555555556
3 0.477734375 0.6 0.0390625 0.07777777777777778
3 0.5611328125 0.6246527777777777 0.040234375 0.08402777777777778
0 0.6474609375 0.4774305555555556 0.039453125 0.11875
3 0.6416015625 0.6315972222222223 0.036328125 0.07569444444444444
2 0.337109375 0.4340277777777778 0.0609375 0.11944444444444445
1 0.487109375 0.44375 0.0609375 0.1597222222222222
4 0.5701171875 0.4486111111111111 0.058203125 0.14166666666666666