11 0.28203125 0.5416666666666666 0.05234375 0.09305555555555556
11 0.72890625 0.5614583333333333 0.04140625 0.09791666666666667
10 0.46640625 0.5329861111111112 0.05625 0.12430555555555556
6 0.59453125 0.5555555555555556 0.0359375 0.10555555555555556
9 0.2900390625 0.43819444444444444 0.041796875 0.07777777777777778
9 0.355078125 0.4329861111111111 0.0375 0.07569444444444444
7 0.5291015625 0.5388888888888889 0.048828125 0.13194444444444445
6 0.4060546875 0.5260416666666666 0.046484375 0.09652777777777778
9 0.7283203125 0.4635416666666667 0.037109375 0.08402777777777778
9 0.415234375 0.4329861111111111 0.03125 0.07430555555555556
9 0.6001953125 0.4461805555555556 0.033984375 0.07569444444444444
8 0.659765625 0.5552083333333333 0.03984375 0.09513888888888888
9 0.6619140625 0.44756944444444446 0.032421875 0.08125
8 0.3423828125 0.5375 0.041796875 0.1
9 0.5341796875 0.4357638888888889 0.030078125 0.0798611111111111
9 0.470703125 0.4486111111111111 0.03359375 0.0763888888888889