10 0.739501953125 0.13274981765134938 0.07177734375 0.16630196936542668
1 0.770751953125 0.30051057622173594 0.08251953125 0.20568927789934355
5 0.271484375 0.0700218818380744 0.0595703125 0.12107950401167031
6 0.442138671875 0.43581327498176514 0.06689453125 0.15098468271334792
11 0.434326171875 0.33515681983953316 0.06396484375 0.13931436907366884
7 0.164794921875 0.3012399708242159 0.07958984375 0.20860685630926332
9 0.27392578125 0.16812545587162656 0.05078125 0.10867979576951131
9 0.260498046875 0.3388037928519329 0.06396484375 0.11159737417943107
9 0.360107421875 0.5638220277169949 0.06298828125 0.11962071480671042
3 0.346435546875 0.4431072210065646 0.05615234375 0.12326768781911014
3 0.542236328125 0.6644784828592268 0.05810546875 0.12399708242159008
3 0.588623046875 0.34427425237053244 0.05517578125 0.11670313639679067