9 0.6733710937499999 0.4182430555555555 0.0401015625 0.07190277777777779
9 0.6109375 0.40772916666666664 0.03630859375 0.06967361111111112
9 0.55224609375 0.40929166666666666 0.026351562499999998 0.05620833333333333
9 0.4892578125 0.4071180555555556 0.026199218749999996 0.05609722222222222
9 0.42798046875000006 0.42773611111111115 0.03004296875 0.05536805555555556
9 0.37426953125 0.41818750000000005 0.030851562500000002 0.05370833333333334
9 0.31201171875 0.4205763888888889 0.034484375 0.057618055555555554
9 0.24939062500000003 0.43706944444444445 0.03719921875 0.05609722222222222
11 0.2490234375 0.5451388888888888 0.04904296875 0.06380555555555555
11 0.6787109375 0.5177986111111111 0.035734375 0.06836111111111111
8 0.61376953125 0.5199652777777778 0.03338671875 0.06786805555555556
8 0.30786328125 0.5364583333333334 0.043214843749999995 0.06944444444444445
6 0.36865234375 0.5164930555555556 0.04296875 0.06559027777777778
10 0.42700390625000006 0.5212708333333333 0.05059765625 0.0860486111111111
7 0.48583984375 0.5217013888888888 0.0425703125 0.0843125
6 0.55029296875 0.5286458333333334 0.029921874999999997 0.06852083333333334