5 0.74609375 0.4652777777777778 0.03671875 0.11527777777777778
5 0.455859375 0.8902777777777777 0.03984375 0.15138888888888888
2 0.513671875 0.8027777777777778 0.04296875 0.1388888888888889
3 0.4599609375 0.7315972222222222 0.031640625 0.10625
11 0.155859375 0.5 0.0421875 0.11944444444444445
7 0.2962890625 0.3368055555555556 0.040234375 0.18888888888888888
3 0.5025390625 0.6826388888888889 0.032421875 0.10972222222222222
8 0.4134765625 0.27291666666666664 0.026953125 0.10972222222222222
9 0.483984375 0.27881944444444445 0.03046875 0.09097222222222222
4 0.5998046875 0.6444444444444445 0.050390625 0.1986111111111111
9 0.4171875 0.3472222222222222 0.03359375 0.10416666666666667
0 0.5560546875 0.7135416666666666 0.036328125 0.16041666666666668
3 0.58671875 0.56875 0.02578125 0.09444444444444444
9 0.24765625 0.5090277777777777 0.03828125 0.1
9 0.3423828125 0.4270833333333333 0.034765625 0.09305555555555556
9 0.378515625 0.37881944444444443 0.03046875 0.09375
9 0.45234375 0.3145833333333333 0.03125 0.09444444444444444
3 0.6970703125 0.4357638888888889 0.030859375 0.09791666666666667
3 0.6609375 0.48020833333333335 0.0296875 0.09513888888888888
3 0.5412109375 0.6225694444444444 0.029296875 0.10069444444444445
3 0.405859375 0.8152777777777778 0.03671875 0.11805555555555555
9 0.1916015625 0.5517361111111111 0.039453125 0.09930555555555555
9 0.294140625 0.4666666666666667 0.0359375 0.09861111111111111
6 0.2546875 0.396875 0.0390625 0.14375
8 0.210546875 0.4496527777777778 0.034375 0.12430555555555556
10 0.3419921875 0.3190972222222222 0.038671875 0.17847222222222223
6 0.383203125 0.2982638888888889 0.0296875 0.13125
0 0.6732421875 0.5378472222222223 0.038671875 0.14930555555555555
2 0.7056640625 0.5048611111111111 0.036328125 0.12222222222222222
11 0.4462890625 0.24756944444444445 0.027734375 0.11041666666666666
1 0.63671875 0.5704861111111111 0.05 0.21458333333333332