6 0.443603515625 0.6017505470459519 0.05908203125 0.1400437636761488
8 0.366455078125 0.18964259664478483 0.05322265625 0.13274981765134938
10 0.362548828125 0.28920495988329686 0.05615234375 0.17578409919766594
7 0.17236328125 0.3650619985412108 0.08203125 0.20058351568198396
11 0.254150390625 0.7436177972283005 0.06884765625 0.1363967906637491
11 0.205078125 0.05470459518599562 0.0634765625 0.10940919037199125
8 0.167236328125 0.6035740335521517 0.07275390625 0.14514952589350838
9 0.439697265625 0.30196936542669583 0.04736328125 0.09919766593727207
9 0.4462890625 0.7363238512035011 0.0615234375 0.11305616338439095
9 0.26318359375 0.613420860685631 0.05859375 0.11086797957695113
9 0.287109375 0.21845368344274252 0.0478515625 0.11159737417943107
9 0.2841796875 0.05616338439095551 0.0498046875 0.10649161196207148
2 0.441650390625 0.3916849015317287 0.06982421875 0.1415025528811087
5 0.834716796875 0.7359591539022611 0.07958984375 0.1487964989059081
1 0.79150390625 0.36433260393873085 0.0791015625 0.2049598832968636
4 0.599365234375 0.2935813274981765 0.05908203125 0.17286652078774617
3 0.665283203125 0.1447848285922684 0.04541015625 0.10430342815463166
3 0.675537109375 0.22647702407002188 0.04736328125 0.10722100656455143
3 0.6962890625 0.40189642596644787 0.0478515625 0.11086797957695113
3 0.62548828125 0.5076586433260394 0.0517578125 0.1137855579868709
3 0.5185546875 0.06819839533187455 0.05078125 0.11013858497447118
3 0.51904296875 0.3016046681254559 0.0498046875 0.11451495258935084