6 0.3970703125 0.5135416666666667 0.048046875 0.08958333333333333
11 0.7248046875 0.5357638888888889 0.042578125 0.09513888888888888
10 0.458984375 0.5190972222222222 0.05546875 0.11458333333333333
7 0.5216796875 0.5232638888888889 0.048828125 0.12708333333333333
9 0.342578125 0.4170138888888889 0.03671875 0.07291666666666667
6 0.5884765625 0.5368055555555555 0.037109375 0.09861111111111111
9 0.40546875 0.41597222222222224 0.0328125 0.07222222222222222
9 0.6544921875 0.4204861111111111 0.033984375 0.08263888888888889
9 0.462109375 0.4288194444444444 0.0328125 0.07152777777777777
9 0.59296875 0.42083333333333334 0.034375 0.075
9 0.5259765625 0.41388888888888886 0.033984375 0.07916666666666666
9 0.72265625 0.43472222222222223 0.04140625 0.08472222222222223
8 0.65546875 0.5309027777777777 0.040625 0.09375
9 0.2783203125 0.4270833333333333 0.042578125 0.075
11 0.271875 0.5326388888888889 0.05 0.08611111111111111
8 0.333203125 0.5284722222222222 0.04609375 0.09583333333333334