5 0.304296875 0.296875 0.05078125 0.13958333333333334
4 0.589453125 0.2972222222222222 0.05234375 0.2152777777777778
2 0.36953125 0.3128472222222222 0.0484375 0.14652777777777778
1 0.511328125 0.28854166666666664 0.05390625 0.24097222222222223
0 0.664453125 0.3298611111111111 0.040625 0.175
0 0.4376953125 0.31145833333333334 0.041015625 0.16319444444444445
3 0.829296875 0.4826388888888889 0.04375 0.11944444444444445
2 0.74921875 0.33541666666666664 0.046875 0.1597222222222222
3 0.3513671875 0.415625 0.039453125 0.11180555555555556
3 0.4193359375 0.4263888888888889 0.040234375 0.11388888888888889
3 0.2748046875 0.4027777777777778 0.044921875 0.1111111111111111
3 0.65859375 0.4652777777777778 0.03828125 0.11527777777777778
3 0.5783203125 0.46041666666666664 0.036328125 0.11944444444444445
3 0.7275390625 0.4822916666666667 0.040234375 0.12291666666666666
3 0.4970703125 0.440625 0.034765625 0.11458333333333333
5 0.8390625 0.35138888888888886 0.05234375 0.15