5 0.6466796875 0.8302083333333333 0.041796875 0.14652777777777778
11 0.21796875 0.5548611111111111 0.04609375 0.13055555555555556
5 0.7763671875 0.3590277777777778 0.037109375 0.11388888888888889
8 0.2603515625 0.4861111111111111 0.038671875 0.13333333333333333
9 0.4564453125 0.29131944444444446 0.030859375 0.08958333333333333
3 0.5970703125 0.6822916666666666 0.032421875 0.1076388888888889
6 0.2919921875 0.42256944444444444 0.039453125 0.1451388888888889
3 0.571875 0.7795138888888888 0.034375 0.11319444444444444
8 0.4076171875 0.2607638888888889 0.030078125 0.11180555555555556
3 0.6201171875 0.6239583333333333 0.031640625 0.10208333333333333
9 0.3822265625 0.42777777777777776 0.033203125 0.09444444444444444
7 0.323046875 0.35381944444444446 0.04140625 0.20902777777777778
11 0.4310546875 0.221875 0.026171875 0.10486111111111111
9 0.4779296875 0.2482638888888889 0.028515625 0.08819444444444445
9 0.346484375 0.478125 0.03359375 0.09791666666666667
9 0.403125 0.37256944444444445 0.03125 0.09513888888888888
2 0.6763671875 0.7298611111111111 0.046484375 0.13055555555555556
9 0.267578125 0.5961805555555556 0.040625 0.10625
3 0.665625 0.4947916666666667 0.03203125 0.09930555555555555
3 0.63984375 0.5576388888888889 0.03125 0.10277777777777777
9 0.3130859375 0.5371527777777778 0.037109375 0.09791666666666667
3 0.6876953125 0.43993055555555555 0.031640625 0.09652777777777778
9 0.430859375 0.334375 0.03515625 0.09097222222222222
6 0.386328125 0.29097222222222224 0.02890625 0.13472222222222222
3 0.7046875 0.39340277777777777 0.03203125 0.09375
3 0.721875 0.34444444444444444 0.03359375 0.09861111111111111
10 0.36015625 0.32013888888888886 0.03984375 0.17916666666666667
0 0.6931640625 0.6038194444444445 0.037109375 0.10486111111111111
1 0.73671875 0.4395833333333333 0.04375 0.14444444444444443
4 0.72109375 0.5135416666666667 0.04296875 0.11041666666666666