6 0.44091796875 0.4310722100656455 0.0703125 0.15171407731582787
7 0.1640625 0.3063457330415755 0.0810546875 0.21444201312910285
10 0.345703125 0.1473377097009482 0.0595703125 0.1765134938001459
11 0.423583984375 0.1586433260393873 0.06005859375 0.12910284463894967
9 0.273681640625 0.1699489423778264 0.05322265625 0.11086797957695113
9 0.261962890625 0.337345003646973 0.06005859375 0.12035010940919037
9 0.347412109375 0.33187454412837347 0.05419921875 0.1137855579868709
9 0.357177734375 0.5605397520058352 0.05810546875 0.12472647702407003
8 0.453125 0.6495258935083881 0.0703125 0.1539022611232677
2 0.243896484375 0.6411378555798687 0.07275390625 0.15463165572574764
1 0.770263671875 0.29832239241429614 0.08447265625 0.19693654266958424
5 0.572509765625 0.08606856309263311 0.06201171875 0.12983223924142961
0 0.508056640625 0.23413566739606126 0.05615234375 0.15025528811086797
3 0.68408203125 0.3460977388767323 0.048828125 0.10867979576951131
3 0.60888671875 0.5397520058351568 0.0546875 0.1137855579868709
3 0.543701171875 0.6652078774617067 0.05517578125 0.12399708242159008