5 0.266796875 0.48506944444444444 0.05 0.1673611111111111
3 0.3279296875 0.3951388888888889 0.036328125 0.12222222222222222
5 0.501953125 0.40868055555555555 0.03984375 0.15208333333333332
9 0.4529296875 0.27326388888888886 0.042578125 0.12152777777777778
11 0.2693359375 0.15555555555555556 0.041796875 0.1486111111111111
3 0.5474609375 0.30868055555555557 0.034765625 0.11597222222222223
9 0.2388671875 0.32534722222222223 0.047265625 0.12708333333333333
8 0.214453125 0.24166666666666667 0.04609375 0.15555555555555556
11 0.541015625 0.16631944444444444 0.03984375 0.1423611111111111
4 0.453515625 0.4934027777777778 0.059375 0.24930555555555556
8 0.4693359375 0.11527777777777778 0.038671875 0.14444444444444443
6 0.3974609375 0.11006944444444444 0.034765625 0.17708333333333334
6 0.5734375 0.07881944444444444 0.0375 0.15763888888888888
2 0.487109375 0.17777777777777778 0.03359375 0.13194444444444445
1 0.6802734375 0.39166666666666666 0.068359375 0.2638888888888889
10 0.3541015625 0.17777777777777778 0.049609375 0.23194444444444445
0 0.5251484375000001 0.7438819444444444 0.05712890625 0.23514583333333333
0 0.1979296875 0.7324305555555556 0.096328125 0.23722222222222225
2 0.15896875 0.41863194444444446 0.074640625 0.18427083333333336
7 0.1340703125 0.20360416666666667 0.08733203125 0.2566805555555556