6 0.18212890625 0.14916119620714807 0.0732421875 0.14077315827862874
10 0.345458984375 0.14296134208606856 0.06689453125 0.17943107221006566
6 0.35205078125 0.4274252370532458 0.072265625 0.13858497447118892
8 0.234375 0.7859226841721372 0.0830078125 0.15536105032822758
8 0.349609375 0.325309992706054 0.0634765625 0.14296134208606856
11 0.195068359375 0.08789204959883297 0.05908203125 0.12910284463894967
7 0.161865234375 0.4110138584974471 0.08544921875 0.2137126185266229
9 0.4169921875 0.2487235594456601 0.046875 0.1137855579868709
9 0.412841796875 0.08424507658643327 0.04638671875 0.11305616338439095
9 0.27490234375 0.16630196936542668 0.05078125 0.10357403355215171
9 0.260986328125 0.33661560904449306 0.05224609375 0.11159737417943107
9 0.259521484375 0.4361779722830051 0.05615234375 0.11086797957695113
9 0.24755859375 0.6666666666666666 0.0615234375 0.1137855579868709
0 0.359130859375 0.5386579139314369 0.06494140625 0.14660831509846828
0 0.59716796875 0.15536105032822758 0.0517578125 0.15171407731582787
2 0.44091796875 0.7826404084609774 0.0712890625 0.15025528811086797
2 0.593994140625 0.33515681983953316 0.06201171875 0.14514952589350838
1 0.7705078125 0.29686360320933625 0.0830078125 0.19693654266958424
5 0.7890625 0.437636761487965 0.064453125 0.12545587162654998
5 0.571533203125 0.08278628738147338 0.04931640625 0.1276440554339898
4 0.43798828125 0.31072210065645517 0.0595703125 0.18234865061998543
3 0.491943359375 0.17541940189642596 0.04833984375 0.10722100656455143
3 0.514404296875 0.2633114514952589 0.04638671875 0.1050328227571116
3 0.742431640625 0.7859226841721372 0.05908203125 0.11597374179431072
3 0.68310546875 0.33260393873085337 0.052734375 0.11816192560175055
3 0.6064453125 0.5382932166301969 0.0537109375 0.1137855579868709
3 0.5419921875 0.6630196936542669 0.056640625 0.11962071480671042