1 0.769775390625 0.29832239241429614 0.08154296875 0.2013129102844639
3 0.7431640625 0.7855579868708972 0.0625 0.11670313639679067
5 0.803955078125 0.5302698760029175 0.07177734375 0.13420860685630925
5 0.570068359375 0.0813274981765135 0.04638671875 0.13056163384390956
2 0.596435546875 0.3336980306345733 0.05810546875 0.14660831509846828
2 0.635009765625 0.6557257476294676 0.06396484375 0.15317286652078774
4 0.51806640625 0.42523705324580596 0.064453125 0.17797228300510576
3 0.513916015625 0.262217359591539 0.04931640625 0.1174325309992706
3 0.54296875 0.6655725747629467 0.0595703125 0.12326768781911014
3 0.607177734375 0.5412107950401167 0.05419921875 0.11086797957695113
3 0.682861328125 0.34208606856309265 0.05126953125 0.10795040116703136
3 0.491455078125 0.17286652078774617 0.04541015625 0.10211524434719182
0 0.59765625 0.1560904449307075 0.0537109375 0.1415025528811087
0 0.3564453125 0.5393873085339168 0.0654296875 0.14077315827862874
8 0.23583984375 0.7899343544857768 0.0810546875 0.1575492341356674
7 0.161865234375 0.40955506929248725 0.08154296875 0.212253829321663
11 0.197998046875 0.087527352297593 0.06494140625 0.12983223924142961
10 0.345458984375 0.14587892049598833 0.05810546875 0.1765134938001459
8 0.3505859375 0.3223924142961342 0.0615234375 0.13420860685630925
6 0.355712890625 0.4288840262582057 0.06298828125 0.13712618526622902
6 0.184326171875 0.15207877461706784 0.06201171875 0.14514952589350838
9 0.4140625 0.08716265499635302 0.0478515625 0.10722100656455143
9 0.41552734375 0.24690007293946026 0.048828125 0.11451495258935084
9 0.273681640625 0.16921954777534645 0.04638671875 0.1050328227571116
9 0.2587890625 0.337345003646973 0.0537109375 0.10722100656455143
9 0.2587890625 0.43836615609044494 0.0556640625 0.10795040116703136
9 0.24755859375 0.6670313639679066 0.0595703125 0.11597374179431072