2 0.27734375 0.403125 0.0453125 0.11319444444444444
9 0.36328125 0.4565972222222222 0.0375 0.09375
3 0.387890625 0.32743055555555556 0.03046875 0.09097222222222222
3 0.480078125 0.6020833333333333 0.03359375 0.09305555555555556
9 0.4314453125 0.7461805555555555 0.039453125 0.09236111111111112
5 0.4794921875 0.37604166666666666 0.033984375 0.11180555555555556
11 0.271875 0.7520833333333333 0.053125 0.11805555555555555
6 0.2287109375 0.5427083333333333 0.056640625 0.1284722222222222
11 0.26171875 0.32430555555555557 0.04609375 0.10833333333333334
2 0.533984375 0.8163194444444445 0.040625 0.10486111111111111
0 0.7158203125 0.6545138888888888 0.048828125 0.12430555555555556
0 0.6748046875 0.3267361111111111 0.039453125 0.12986111111111112
5 0.558984375 0.6524305555555555 0.04140625 0.1076388888888889
1 0.4845703125 0.1486111111111111 0.039453125 0.18472222222222223
8 0.2142578125 0.4326388888888889 0.051171875 0.11527777777777778
6 0.175 0.2722222222222222 0.05546875 0.1388888888888889
4 0.5669921875 0.403125 0.045703125 0.16041666666666668
10 0.323828125 0.5836805555555555 0.0640625 0.15902777777777777
7 0.3951171875 0.8958333333333334 0.062890625 0.15555555555555556
8 0.37164453124999997 0.7811458333333333 0.0516328125 0.1067361111111111