3 0.84230078125 0.5862430555555556 0.056871093750000004 0.12455555555555556
3 0.731640625 0.5947013888888889 0.053703125 0.12159027777777778
3 0.65634765625 0.5756041666666667 0.053011718750000006 0.1134513888888889
3 0.49013671875 0.5529444444444445 0.04800390625 0.11934722222222223
3 0.40478515625 0.5328958333333333 0.051023437500000005 0.11619444444444443
3 0.3395 0.5246458333333334 0.05259765625 0.12118055555555556
3 0.25561328125 0.5088472222222222 0.060027343749999997 0.10971527777777779
5 0.27954296875 0.37825694444444447 0.05941796875000001 0.13215972222222222
5 0.853515625 0.43034027777777784 0.0556015625 0.14995833333333333
2 0.35083203125 0.39344444444444443 0.0537109375 0.1449652777777778
0 0.42026562500000003 0.39778472222222216 0.0660859375 0.15983333333333333
0 0.6650390625 0.41710416666666666 0.04052734375 0.16504166666666667
4 0.58544921875 0.38550694444444444 0.06443750000000001 0.21450694444444443
1 0.497265625 0.37781944444444443 0.06247265625 0.21929166666666663
2 0.75537109375 0.41384722222222226 0.0497734375 0.15125694444444446
3 0.5738671875 0.5680138888888889 0.050082031250000006 0.12491666666666666