0 0.599365234375 0.15827862873814733 0.05712890625 0.14296134208606856
1 0.769287109375 0.29576951130561635 0.08544921875 0.20787746170678337
5 0.51611328125 0.24507658643326038 0.0634765625 0.12253829321663019
2 0.43798828125 0.24945295404814005 0.0634765625 0.13129102844638948
2 0.439453125 0.7793581327498177 0.078125 0.15827862873814733
3 0.741943359375 0.7804522246535376 0.06494140625 0.13274981765134938
5 0.568603515625 0.08205689277899343 0.06005859375 0.1276440554339898
3 0.68212890625 0.3413566739606127 0.056640625 0.11086797957695113
3 0.541748046875 0.6663019693654267 0.05517578125 0.12035010940919037
3 0.606689453125 0.536834427425237 0.06103515625 0.12107950401167031
3 0.491943359375 0.17031363967906638 0.05029296875 0.11013858497447118
3 0.4189453125 0.1772428884026258 0.0458984375 0.11524434719183078
7 0.16357421875 0.4088256746900073 0.0830078125 0.20787746170678337
10 0.345703125 0.14442013129102846 0.0615234375 0.1765134938001459
8 0.2353515625 0.787746170678337 0.08203125 0.15900802334062727
11 0.198486328125 0.08716265499635302 0.05908203125 0.1261852662290299
6 0.1865234375 0.15061998541210794 0.05859375 0.14660831509846828
6 0.3564453125 0.42669584245076586 0.060546875 0.14442013129102846
9 0.41259765625 0.08570386579139315 0.0498046875 0.10867979576951131
9 0.27294921875 0.16557257476294676 0.0517578125 0.10649161196207148
9 0.26025390625 0.3402625820568928 0.0537109375 0.11305616338439095
9 0.260498046875 0.4387308533916849 0.05712890625 0.11889132020423049
9 0.354736328125 0.5616338439095551 0.05712890625 0.11962071480671042