11 0.1958984375 0.6302083333333334 0.054296875 0.14375
5 0.7142578125 0.7513888888888889 0.048828125 0.14583333333333334
6 0.246484375 0.45694444444444443 0.046875 0.15555555555555556
2 0.715625 0.6350694444444445 0.046875 0.13958333333333334
3 0.637890625 0.4861111111111111 0.028125 0.1111111111111111
3 0.647265625 0.4125 0.0296875 0.09722222222222222
8 0.225390625 0.5440972222222222 0.0484375 0.14652777777777778
6 0.319921875 0.2847222222222222 0.03515625 0.14722222222222223
3 0.627734375 0.7270833333333333 0.03671875 0.11805555555555555
3 0.6638671875 0.2454861111111111 0.024609375 0.09375
3 0.6556640625 0.35138888888888886 0.029296875 0.09722222222222222
9 0.26171875 0.6541666666666667 0.046875 0.11527777777777778
11 0.345703125 0.2013888888888889 0.0328125 0.11388888888888889
9 0.3884765625 0.2652777777777778 0.033984375 0.09444444444444444
3 0.630859375 0.6121527777777778 0.03984375 0.12291666666666666
9 0.3431640625 0.4305555555555556 0.035546875 0.1
9 0.3521484375 0.3659722222222222 0.033984375 0.1
9 0.37421875 0.3177083333333333 0.0359375 0.09791666666666667
9 0.39921875 0.2152777777777778 0.03046875 0.09444444444444444
10 0.29609375 0.32048611111111114 0.04765625 0.18541666666666667
3 0.66015625 0.2954861111111111 0.0296875 0.09236111111111112
9 0.295703125 0.571875 0.04453125 0.1076388888888889
7 0.269921875 0.3684027777777778 0.05234375 0.22013888888888888
9 0.3171875 0.5010416666666667 0.04140625 0.10069444444444445
8 0.3283203125 0.24305555555555555 0.039453125 0.11666666666666667
5 0.72346875 0.22247222222222224 0.04134375 0.06925
1 0.7173164062499999 0.31202083333333336 0.05559765625 0.09556944444444444
4 0.72200390625 0.4064375 0.06184765625000001 0.10939583333333333
0 0.70775 0.5376388888888889 0.055207031250000003 0.1717986111111111
3 0.6386132812499999 0.5539583333333333 0.0450390625 0.1113888888888889