2 0.4193359375 0.759375 0.042578125 0.09930555555555555
5 0.48984375 0.6645833333333333 0.034375 0.10138888888888889
7 0.2962890625 0.7131944444444445 0.062890625 0.15555555555555556
9 0.40546875 0.39826388888888886 0.0328125 0.08541666666666667
3 0.4470703125 0.5763888888888888 0.027734375 0.08194444444444444
3 0.4591796875 0.31979166666666664 0.026171875 0.08263888888888889
9 0.371875 0.6451388888888889 0.03515625 0.08333333333333333
11 0.2615234375 0.54375 0.046484375 0.10694444444444444
0 0.607421875 0.7763888888888889 0.03671875 0.11666666666666667
5 0.51015625 0.41006944444444443 0.03125 0.09930555555555555
11 0.3703125 0.2520833333333333 0.03828125 0.10555555555555556
2 0.3591796875 0.31354166666666666 0.035546875 0.09652777777777778
6 0.287890625 0.375 0.04375 0.12222222222222222
8 0.3107421875 0.6395833333333333 0.046484375 0.10416666666666667
1 0.5740234375 0.2423611111111111 0.039453125 0.1625
0 0.6779296875 0.5006944444444444 0.037109375 0.11527777777777778
6 0.324609375 0.1625 0.0375 0.12638888888888888
4 0.5640625 0.48159722222222223 0.03828125 0.1451388888888889
10 0.337109375 0.45694444444444443 0.053125 0.14583333333333334
8 0.3079765625 0.2969513888888889 0.038343749999999996 0.1047013888888889