3 0.4302734375 0.40034722222222224 0.031640625 0.09930555555555555
2 0.332421875 0.5222222222222223 0.0453125 0.12777777777777777
11 0.2984375 0.4545138888888889 0.046875 0.12430555555555556
3 0.58671875 0.6385416666666667 0.03828125 0.09930555555555555
5 0.5373046875 0.4083333333333333 0.036328125 0.12083333333333333
5 0.6806640625 0.6520833333333333 0.051171875 0.12222222222222222
9 0.5701171875 0.8118055555555556 0.041796875 0.10277777777777777
9 0.432421875 0.5423611111111111 0.040625 0.10277777777777777
11 0.40390625 0.8989583333333333 0.05234375 0.13125
2 0.69296875 0.8298611111111112 0.06015625 0.12777777777777777
6 0.1890625 0.43368055555555557 0.06015625 0.15208333333333332
6 0.310546875 0.6947916666666667 0.0546875 0.14375
4 0.6375 0.39444444444444443 0.05078125 0.175
0 0.72109375 0.2857638888888889 0.04375 0.14097222222222222
8 0.2697265625 0.5885416666666666 0.049609375 0.12708333333333333
10 0.4263671875 0.6895833333333333 0.057421875 0.18194444444444444
7 0.5806640625 0.9444444444444444 0.062109375 0.10972222222222222
0 0.8434804687499999 0.5772083333333333 0.06890234375 0.13984027777777777
1 0.5026875000000001 0.18565277777777775 0.07469921874999999 0.23172222222222222
8 0.5202617187499999 0.890361111111111 0.056734375000000004 0.14777777777777779