9 0.384375 0.46493055555555557 0.034375 0.09236111111111112
3 0.406640625 0.3416666666666667 0.02890625 0.09027777777777778
2 0.3005859375 0.4166666666666667 0.044140625 0.1111111111111111
3 0.498046875 0.6027777777777777 0.03203125 0.09583333333333334
6 0.2552734375 0.5479166666666667 0.051953125 0.12777777777777777
9 0.4525390625 0.7434027777777777 0.037109375 0.09236111111111112
11 0.2984375 0.7482638888888888 0.04921875 0.11597222222222223
5 0.5759765625 0.6513888888888889 0.039453125 0.10694444444444444
11 0.284765625 0.3423611111111111 0.03984375 0.10694444444444444
5 0.495703125 0.3861111111111111 0.03359375 0.1111111111111111
8 0.2412109375 0.44583333333333336 0.048828125 0.11388888888888889
2 0.552734375 0.803125 0.04375 0.11180555555555556
1 0.499609375 0.1701388888888889 0.04140625 0.18472222222222223
8 0.39453125 0.7899305555555556 0.0421875 0.11597222222222223
4 0.5818359375 0.4111111111111111 0.043359375 0.1597222222222222
10 0.3486328125 0.5864583333333333 0.058984375 0.15763888888888888
6 0.20234375 0.2934027777777778 0.05234375 0.13680555555555557
7 0.4197265625 0.8822916666666667 0.056640625 0.15763888888888888
0 0.68587109375 0.3390902777777778 0.0369765625 0.1330486111111111
0 0.73176953125 0.6508055555555555 0.0579453125 0.12035416666666666