6 0.33046875 0.4263888888888889 0.04921875 0.2013888888888889
9 0.749609375 0.4486111111111111 0.0515625 0.13055555555555556
9 0.516796875 0.5159722222222223 0.04765625 0.13333333333333333
11 0.7095703125 0.34479166666666666 0.052734375 0.15625
9 0.5935546875 0.5076388888888889 0.045703125 0.13472222222222222
9 0.43515625 0.5583333333333333 0.04765625 0.1361111111111111
9 0.6720703125 0.48368055555555556 0.050390625 0.12986111111111112
10 0.49375 0.37569444444444444 0.0578125 0.24305555555555555
6 0.57109375 0.3819444444444444 0.0484375 0.19444444444444445
9 0.3421875 0.5784722222222223 0.04921875 0.14027777777777778
11 0.14921875 0.4954861111111111 0.0625 0.16875
7 0.4119140625 0.3753472222222222 0.055078125 0.28402777777777777
9 0.251171875 0.6072916666666667 0.0515625 0.13541666666666666
8 0.6388671875 0.3625 0.044921875 0.1625
9 0.153515625 0.6180555555555556 0.05703125 0.1361111111111111
8 0.24275000000000002 0.4590694444444444 0.075046875 0.17631249999999998