5 0.83642578125 0.7312180889861415 0.076171875 0.1363967906637491
1 0.802978515625 0.48468271334792123 0.09130859375 0.2049598832968636
4 0.59716796875 0.2910284463894967 0.0634765625 0.1765134938001459
8 0.50439453125 0.13420860685630925 0.0654296875 0.13129102844638948
3 0.5205078125 0.06455142231947483 0.046875 0.099927060539752
3 0.695068359375 0.40444930707512766 0.05322265625 0.11451495258935084
3 0.67333984375 0.22647702407002188 0.0556640625 0.10284463894967177
3 0.515625 0.30306345733041573 0.0478515625 0.10576221735959154
3 0.625 0.5021881838074398 0.0546875 0.11305616338439095
2 0.439697265625 0.39350838803792854 0.06103515625 0.13785557986870897
8 0.159912109375 0.5988329686360321 0.07568359375 0.14587892049598833
10 0.360595703125 0.29029905178701676 0.06494140625 0.16921954777534645
7 0.268798828125 0.36725018234865064 0.07666015625 0.1962071480671043
9 0.261962890625 0.6156090444930707 0.05810546875 0.11232676878191102
11 0.25341796875 0.7436177972283005 0.0693359375 0.13785557986870897
11 0.20458984375 0.053610503282275714 0.0615234375 0.10722100656455143
9 0.281494140625 0.055433989788475566 0.05322265625 0.10940919037199125
9 0.43603515625 0.30342815463165573 0.056640625 0.1050328227571116
9 0.2861328125 0.21991247264770242 0.046875 0.11305616338439095
6 0.43701171875 0.5981035740335522 0.0673828125 0.1473377097009482
9 0.446533203125 0.7359591539022611 0.05908203125 0.11816192560175055