9 0.77394921875 0.5527500000000001 0.0420390625 0.09438194444444445
9 0.70849609375 0.5299513888888889 0.027433593750000002 0.07438194444444444
9 0.64599609375 0.5177986111111111 0.02665625 0.07112500000000001
9 0.58251953125 0.5004375 0.026503906249999997 0.07112500000000001
9 0.52001953125 0.5060763888888888 0.030378906249999997 0.07384027777777778
9 0.46753125000000006 0.4865486111111111 0.02948046875 0.07139583333333334
9 0.4091796875 0.47613194444444445 0.032960937499999995 0.07112500000000001
9 0.34887890625 0.4748263888888889 0.035402343749999995 0.07356944444444444
11 0.334375 0.5723958333333333 0.04890234375 0.09395138888888889
11 0.7697265625 0.6549444444444444 0.04370703125 0.10828472222222223
8 0.7025390625 0.6349791666666667 0.03990234375 0.10118055555555555
6 0.63310546875 0.6237847222222223 0.03932421875 0.10755555555555556
6 0.45263671875 0.5717847222222222 0.0464765625 0.10684027777777777
8 0.3903828125 0.5763888888888888 0.04678125 0.10242361111111112
10 0.5103515625 0.5857638888888889 0.05216796875 0.13495833333333335
7 0.5689453125 0.5986944444444444 0.05522265625 0.13988194444444446
3 0.796875 0.07725694444444445 0.02483984375 0.08078472222222222
3 0.7275390625 0.08213888888888889 0.02451953125 0.08322222222222223
3 0.68115234375 0.07384027777777778 0.02328515625 0.07839583333333333
3 0.62646484375 0.07286111111111111 0.0236953125 0.08197916666666666
3 0.5703125 0.06559027777777778 0.023070312500000002 0.07872222222222222
3 0.4677734375 0.051625000000000004 0.02691796875 0.0782361111111111
3 0.41333203125000006 0.04408333333333333 0.028214843750000003 0.07665972222222223
3 0.51513671875 0.05547222222222222 0.027328124999999998 0.08034722222222222