6 0.3740234375 0.4371527777777778 0.047265625 0.08263888888888889
6 0.5619140625 0.4583333333333333 0.034765625 0.08888888888888889
9 0.5662109375 0.33993055555555557 0.033984375 0.07152777777777777
8 0.312109375 0.45034722222222223 0.04375 0.08819444444444445
8 0.6267578125 0.45243055555555556 0.040234375 0.08680555555555555
9 0.6279296875 0.3388888888888889 0.033984375 0.0763888888888889
9 0.319140625 0.33819444444444446 0.0375 0.06944444444444445
9 0.4375 0.3506944444444444 0.03359375 0.06805555555555555
10 0.434765625 0.44166666666666665 0.053125 0.10833333333333334
9 0.6939453125 0.35104166666666664 0.037890625 0.0798611111111111
9 0.38046875 0.3385416666666667 0.0328125 0.06875
9 0.5015625 0.33368055555555554 0.034375 0.07708333333333334
9 0.2560546875 0.35104166666666664 0.041015625 0.06875
11 0.69453125 0.4534722222222222 0.04375 0.08888888888888889
7 0.4974609375 0.446875 0.048828125 0.11597222222222223
11 0.2525390625 0.45694444444444443 0.048046875 0.07916666666666666