5 0.26953125 0.4826388888888889 0.05078125 0.16805555555555557
3 0.3302734375 0.3920138888888889 0.037890625 0.12430555555555556
9 0.4541015625 0.2670138888888889 0.041796875 0.12291666666666666
3 0.5494140625 0.3017361111111111 0.033984375 0.11736111111111111
5 0.50546875 0.40208333333333335 0.0390625 0.15416666666666667
4 0.45859375 0.4864583333333333 0.06171875 0.2534722222222222
11 0.2689453125 0.1527777777777778 0.042578125 0.1486111111111111
9 0.2404296875 0.32395833333333335 0.046484375 0.1284722222222222
8 0.2142578125 0.240625 0.046484375 0.15625
11 0.5412109375 0.16006944444444443 0.040234375 0.14375
1 0.6822265625 0.3802083333333333 0.069140625 0.26458333333333334
8 0.46875 0.10902777777777778 0.03828125 0.14583333333333334
10 0.3548828125 0.17395833333333333 0.049609375 0.2326388888888889
6 0.396875 0.10555555555555556 0.03515625 0.17916666666666667
6 0.5728515625 0.07534722222222222 0.037109375 0.15069444444444444
2 0.48828125 0.17048611111111112 0.034375 0.13958333333333334
7 0.13828125 0.20555555555555555 0.06640625 0.2763888888888889
0 0.54096484375 0.7365208333333333 0.07626953125 0.2292986111111111
0 0.20974609375000003 0.7231597222222221 0.05902734375 0.23381944444444444
2 0.15594140625 0.4135972222222222 0.0748359375 0.1908611111111111