5 0.2779296875 0.38784722222222223 0.060546875 0.12430555555555556
2 0.7544921875 0.42430555555555555 0.050390625 0.14305555555555555
5 0.851171875 0.43819444444444444 0.05625 0.14722222222222223
3 0.4064453125 0.540625 0.046484375 0.10347222222222222
3 0.3345703125 0.5309027777777777 0.046484375 0.10069444444444445
3 0.2546875 0.5152777777777777 0.05234375 0.09861111111111111
0 0.421484375 0.40868055555555555 0.05546875 0.15069444444444444
0 0.663671875 0.42569444444444443 0.0421875 0.1625
3 0.4884765625 0.5559027777777777 0.038671875 0.10486111111111111
3 0.73046875 0.6003472222222223 0.0421875 0.11458333333333333
3 0.8396484375 0.596875 0.043359375 0.11041666666666666
3 0.658203125 0.5822916666666667 0.03984375 0.10347222222222222
2 0.34921875 0.4048611111111111 0.05859375 0.14027777777777778
3 0.5748046875 0.5795138888888889 0.041015625 0.11180555555555556
1 0.4990234375 0.3909722222222222 0.058984375 0.21388888888888888
4 0.5833984375 0.39618055555555554 0.060546875 0.19236111111111112