9 0.56015625 0.41805555555555557 0.03203125 0.06388888888888888
6 0.5583984375 0.5364583333333334 0.031640625 0.07708333333333334
11 0.2560546875 0.546875 0.048046875 0.07152777777777777
9 0.4359375 0.4329861111111111 0.03203125 0.06180555555555556
9 0.4970703125 0.4149305555555556 0.031640625 0.06180555555555556
9 0.381640625 0.4239583333333333 0.0328125 0.059027777777777776
9 0.320703125 0.42569444444444443 0.0375 0.06388888888888888
9 0.61953125 0.4170138888888889 0.034375 0.06736111111111111
8 0.31484375 0.5395833333333333 0.04140625 0.07777777777777778
9 0.258203125 0.44027777777777777 0.03984375 0.0625
6 0.3755859375 0.5211805555555555 0.044921875 0.06736111111111111
9 0.6833984375 0.4267361111111111 0.037109375 0.07013888888888889
11 0.6869140625 0.5284722222222222 0.038671875 0.07222222222222222
10 0.4341796875 0.5253472222222222 0.048828125 0.09097222222222222
7 0.4962890625 0.5288194444444444 0.044140625 0.09375
8 0.62366796875 0.5277569444444444 0.044214843749999996 0.08606944444444445