6 0.5619140625 0.45902777777777776 0.034765625 0.08888888888888889
6 0.3740234375 0.4371527777777778 0.046484375 0.08263888888888889
8 0.6265625 0.453125 0.04140625 0.08680555555555555
8 0.3126953125 0.45243055555555556 0.044140625 0.08819444444444445
9 0.5662109375 0.34131944444444445 0.033984375 0.07152777777777777
9 0.319140625 0.3388888888888889 0.0375 0.06944444444444445
9 0.62734375 0.33993055555555557 0.034375 0.07569444444444444
9 0.437890625 0.35138888888888886 0.03359375 0.06805555555555555
10 0.434765625 0.4427083333333333 0.053125 0.1076388888888889
11 0.6943359375 0.45381944444444444 0.044140625 0.08819444444444445
9 0.6935546875 0.35173611111111114 0.037890625 0.0798611111111111
9 0.380859375 0.3392361111111111 0.0328125 0.06875
9 0.5015625 0.33541666666666664 0.034375 0.0763888888888889
7 0.4978515625 0.44756944444444446 0.049609375 0.11597222222222223
9 0.25625 0.35208333333333336 0.0421875 0.07083333333333333
11 0.2525390625 0.4579861111111111 0.048046875 0.07847222222222222