5 0.255078125 0.3993055555555556 0.06171875 0.09583333333333334
3 0.3177734375 0.5524305555555555 0.045703125 0.07430555555555556
3 0.4662109375 0.5861111111111111 0.037109375 0.07222222222222222
3 0.3876953125 0.5645833333333333 0.045703125 0.07916666666666666
3 0.240625 0.5329861111111112 0.05390625 0.07430555555555556
2 0.719921875 0.46145833333333336 0.04765625 0.1076388888888889
3 0.5470703125 0.6100694444444444 0.038671875 0.0798611111111111
3 0.69453125 0.6399305555555556 0.0390625 0.07847222222222222
3 0.7955078125 0.6423611111111112 0.039453125 0.075
3 0.6265625 0.6184027777777777 0.0359375 0.07013888888888889
0 0.3982421875 0.43993055555555555 0.054296875 0.10208333333333333
1 0.4740234375 0.4371527777777778 0.058203125 0.1451388888888889
2 0.3259765625 0.4239583333333333 0.059765625 0.10625
0 0.6337890625 0.46805555555555556 0.037890625 0.10833333333333334
5 0.8138671875 0.4826388888888889 0.058203125 0.10555555555555556
4 0.55912890625 0.44257638888888884 0.059476562499999996 0.15720833333333334