5 0.7349609375 0.7236111111111111 0.037109375 0.11527777777777778
8 0.24453125 0.48055555555555557 0.0375 0.11805555555555555
9 0.5494140625 0.40381944444444445 0.033984375 0.08680555555555555
3 0.646875 0.6927083333333334 0.028125 0.09236111111111112
3 0.700390625 0.6600694444444445 0.034375 0.09375
9 0.50546875 0.4305555555555556 0.03125 0.08611111111111111
6 0.29375 0.44305555555555554 0.03203125 0.13055555555555556
4 0.50703125 0.8506944444444444 0.04453125 0.18888888888888888
6 0.4400390625 0.38784722222222223 0.026171875 0.12569444444444444
3 0.4748046875 0.7909722222222222 0.030859375 0.10416666666666667
9 0.4609375 0.4534722222222222 0.03046875 0.08888888888888889
9 0.2013671875 0.5690972222222223 0.037890625 0.09097222222222222
3 0.5361328125 0.7579861111111111 0.027734375 0.09930555555555555
9 0.4158203125 0.4666666666666667 0.031640625 0.08888888888888889
10 0.393359375 0.3909722222222222 0.03125 0.1527777777777778
9 0.3685546875 0.5 0.033984375 0.0875
7 0.34375 0.4017361111111111 0.03515625 0.17847222222222223
3 0.3615234375 0.8618055555555556 0.031640625 0.10138888888888889
9 0.31328125 0.5222222222222223 0.03515625 0.09305555555555556
9 0.26015625 0.5479166666666667 0.03671875 0.09166666666666666
3 0.598046875 0.7256944444444444 0.03203125 0.09583333333333334
1 0.56796875 0.7940972222222222 0.04609375 0.19791666666666666
11 0.5232421875 0.35659722222222223 0.030078125 0.10902777777777778
11 0.188671875 0.5065972222222223 0.03828125 0.1076388888888889
2 0.6802734375 0.7489583333333333 0.044140625 0.12708333333333333
0 0.4447265625 0.8979166666666667 0.037109375 0.15833333333333333
2 0.37421875 0.9465277777777777 0.046875 0.10277777777777777
8 0.481640625 0.37256944444444445 0.0265625 0.10208333333333333
0 0.6248046875 0.7694444444444445 0.036328125 0.14722222222222223
3 0.4154296875 0.8361111111111111 0.028515625 0.10138888888888889
3 0.28376171875 0.9106527777777778 0.0477109375 0.09952777777777777