11 0.43505859375 0.3402625820568928 0.0576171875 0.1363967906637491
6 0.440185546875 0.4314369073668855 0.05712890625 0.14806710430342815
8 0.453369140625 0.6462436177972283 0.06201171875 0.16046681254558717
10 0.344482421875 0.1473377097009482 0.07275390625 0.18964259664478483
7 0.165283203125 0.3037928519328957 0.08544921875 0.21517140773158278
5 0.271484375 0.0700218818380744 0.0576171875 0.12253829321663019
2 0.244873046875 0.6440554339897885 0.07861328125 0.16776075857038658
9 0.27490234375 0.16593727206418674 0.0546875 0.11159737417943107
9 0.259521484375 0.337709700948213 0.05908203125 0.1137855579868709
9 0.3544921875 0.5612691466083151 0.0595703125 0.11597374179431072
1 0.77099609375 0.29722830051057625 0.0888671875 0.2049598832968636
3 0.6826171875 0.34172137126185265 0.0498046875 0.10722100656455143
3 0.6044921875 0.5361050328227571 0.05859375 0.12253829321663019
3 0.542236328125 0.6673960612691466 0.06201171875 0.12691466083150985