3 0.5205078125 0.3508388037928519 0.0498046875 0.1050328227571116
9 0.3349609375 0.5463165572574763 0.060546875 0.10795040116703136
6 0.1416015625 0.6455142231947484 0.0693359375 0.1415025528811087
7 0.17578125 0.39460247994164843 0.0732421875 0.20714806710430342
8 0.191162109375 0.14843180160466812 0.05908203125 0.14514952589350838
0 0.257568359375 0.0711159737417943 0.05712890625 0.1422319474835886
6 0.5029296875 0.06929248723559446 0.0458984375 0.13858497447118892
10 0.43798828125 0.14514952589350838 0.0625 0.1648431801604668
1 0.767578125 0.30342815463165573 0.0693359375 0.20860685630926332
5 0.654296875 0.16083150984682712 0.0615234375 0.13202042304886943
0 0.532958984375 0.5386579139314369 0.05224609375 0.14514952589350838
3 0.69775390625 0.5408460977388767 0.056640625 0.11159737417943107
2 0.64404296875 0.7669584245076586 0.064453125 0.14952589350838805