1 0.766845703125 0.29795769511305614 0.08154296875 0.2064186725018235
5 0.73095703125 0.08570386579139315 0.0576171875 0.12472647702407003
5 0.804443359375 0.5317286652078774 0.07177734375 0.13274981765134938
0 0.636962890625 0.6579139314369074 0.06591796875 0.1560904449307075
0 0.595458984375 0.3347921225382932 0.05810546875 0.1400437636761488
4 0.520751953125 0.42414296134208607 0.06494140625 0.18016046681254558
3 0.512939453125 0.26440554339897887 0.04541015625 0.10867979576951131
3 0.7421875 0.7826404084609774 0.05859375 0.11962071480671042
3 0.68310546875 0.34318016046681254 0.05078125 0.11159737417943107
3 0.606689453125 0.5419401896425966 0.05810546875 0.1137855579868709
3 0.540283203125 0.6673960612691466 0.05908203125 0.11524434719183078
3 0.489013671875 0.17432530999270604 0.05322265625 0.10211524434719182
0 0.59765625 0.15791393143690738 0.0634765625 0.14806710430342815
0 0.358642578125 0.5379285193289569 0.06884765625 0.14077315827862874
10 0.34521484375 0.14806710430342815 0.0654296875 0.17943107221006566
11 0.197265625 0.08679795769511306 0.05859375 0.11962071480671042
8 0.238037109375 0.7913931436907367 0.07861328125 0.1487964989059081
8 0.350341796875 0.325309992706054 0.05908203125 0.13274981765134938
6 0.355712890625 0.42669584245076586 0.05419921875 0.13274981765134938
6 0.187255859375 0.15098468271334792 0.05810546875 0.13858497447118892
7 0.16552734375 0.40955506929248725 0.083984375 0.2064186725018235
9 0.414306640625 0.08825674690007294 0.04345703125 0.11086797957695113
9 0.417236328125 0.24762946754194018 0.04833984375 0.11159737417943107
9 0.2734375 0.1688548504741065 0.0498046875 0.10722100656455143
9 0.260986328125 0.3384390955506929 0.05126953125 0.11232676878191102
9 0.259521484375 0.43836615609044494 0.05322265625 0.1137855579868709
9 0.25 0.6673960612691466 0.0576171875 0.11816192560175055