1 0.77587890625 0.31145149525893506 0.0830078125 0.19547775346462437
5 0.27001953125 0.06965718453683442 0.056640625 0.12035010940919037
7 0.167236328125 0.30488694383661563 0.07958984375 0.20860685630926332
11 0.438720703125 0.33953318745441285 0.05029296875 0.12472647702407003
6 0.442138671875 0.4314369073668855 0.06103515625 0.14077315827862874
9 0.355712890625 0.5605397520058352 0.05712890625 0.11013858497447118
9 0.273681640625 0.16703136396790663 0.05029296875 0.10940919037199125
9 0.260498046875 0.337345003646973 0.05322265625 0.11159737417943107
3 0.34765625 0.4416484318016047 0.0537109375 0.10722100656455143
3 0.590576171875 0.3413566739606127 0.04541015625 0.10795040116703136
3 0.542236328125 0.6648431801604668 0.05224609375 0.11597374179431072