5 0.8087890625 0.453125 0.039453125 0.11875
5 0.4890625 0.8583333333333333 0.04140625 0.1527777777777778
2 0.551953125 0.7795138888888888 0.04296875 0.14097222222222222
11 0.2146484375 0.4461805555555556 0.037109375 0.12013888888888889
8 0.2677734375 0.3996527777777778 0.031640625 0.12152777777777778
3 0.5015625 0.7013888888888888 0.0328125 0.10972222222222222
4 0.64765625 0.6239583333333333 0.05078125 0.19791666666666666
6 0.312109375 0.34791666666666665 0.03359375 0.14166666666666666
3 0.5447265625 0.6538194444444444 0.029296875 0.10625
8 0.4740234375 0.23229166666666667 0.026171875 0.1076388888888889
9 0.2462890625 0.4982638888888889 0.037890625 0.09791666666666667
9 0.3025390625 0.4600694444444444 0.036328125 0.09930555555555555
9 0.3482421875 0.42118055555555556 0.036328125 0.09930555555555555
10 0.3998046875 0.27569444444444446 0.033984375 0.17916666666666667
3 0.637109375 0.5493055555555556 0.02890625 0.10277777777777777
0 0.5982421875 0.6930555555555555 0.036328125 0.1625
9 0.433203125 0.34131944444444445 0.03359375 0.09513888888888888
9 0.5107421875 0.2809027777777778 0.033203125 0.09375
3 0.5869140625 0.5989583333333334 0.028515625 0.10347222222222222
6 0.441015625 0.2586805555555556 0.025 0.13541666666666666
9 0.397265625 0.3819444444444444 0.03359375 0.1
3 0.4443359375 0.7763888888888889 0.035546875 0.11666666666666667
7 0.3546875 0.29305555555555557 0.0390625 0.1986111111111111
3 0.759765625 0.415625 0.02890625 0.09791666666666667
9 0.5455078125 0.24097222222222223 0.033203125 0.09444444444444444
9 0.4748046875 0.3076388888888889 0.037109375 0.10972222222222222
3 0.719921875 0.4625 0.03046875 0.1
11 0.5068359375 0.20833333333333334 0.027734375 0.10972222222222222
0 0.7291015625 0.5208333333333334 0.037109375 0.15
1 0.6896484375 0.55 0.047265625 0.21944444444444444
2 0.769140625 0.49270833333333336 0.040625 0.12152777777777778