1 0.738037109375 0.5984682713347921 0.08251953125 0.2137126185266229
5 0.8525390625 0.7432530999270606 0.08203125 0.15317286652078774
4 0.61767578125 0.28774617067833697 0.0595703125 0.17432530999270604
3 0.6396484375 0.5058351568198395 0.0546875 0.10867979576951131
3 0.6982421875 0.22428884026258206 0.0517578125 0.10722100656455143
3 0.535888671875 0.2924872355944566 0.05615234375 0.11232676878191102
2 0.45654296875 0.387308533916849 0.0673828125 0.13566739606126915
11 0.656982421875 0.7202771699489424 0.07373046875 0.13785557986870897
10 0.381591796875 0.2833698030634573 0.06884765625 0.16703136396790663
7 0.283203125 0.3574033552151714 0.0888671875 0.1911013858497447
11 0.205322265625 0.1925601750547046 0.06494140625 0.12837345003646974
9 0.455078125 0.2888402625820569 0.05078125 0.10795040116703136
9 0.385009765625 0.13566739606126915 0.05126953125 0.10357403355215171
9 0.30712890625 0.04886943836615609 0.0517578125 0.09773887673231219
9 0.273193359375 0.600656455142232 0.06298828125 0.11451495258935084