9 0.43481640625000006 0.7722916666666666 0.045417968749999996 0.11334027777777779
9 0.41171875 0.7080763888888889 0.03446484375 0.1129861111111111
9 0.38666796875 0.6571180555555556 0.03414453125 0.11541666666666665
9 0.3625 0.6081597222222223 0.0350859375 0.0893125
9 0.32861328125 0.5646736111111111 0.02685546875 0.09689583333333333
11 0.37841796875 0.8029513888888888 0.03854296875 0.134875
7 0.28940625 0.5968194444444445 0.038515625 0.22486805555555556
3 0.64404296875 0.5360277777777778 0.0250859375 0.086375
6 0.31762890625 0.6727430555555556 0.03143359375 0.15733333333333333
3 0.61953125 0.4959236111111111 0.0321875 0.09790277777777777
3 0.69384765625 0.5807291666666666 0.02475 0.09163194444444443
8 0.23483984375000003 0.5042638888888888 0.036609375 0.12433333333333332
3 0.5859375 0.46875 0.02215625 0.08381944444444445
8 0.34814453125 0.7426250000000001 0.032960937499999995 0.12228472222222223
3 0.484375 0.3499097222222222 0.022382812499999998 0.084625
11 0.21521093750000003 0.47265972222222224 0.02591015625 0.09830555555555556
5 0.5234375 0.3227013888888889 0.02203515625 0.08702083333333334
3 0.50966796875 0.3725277777777778 0.02814453125 0.09465972222222223
5 0.7451171875 0.5473125 0.0315546875 0.11599305555555556
0 0.5673828125 0.36132638888888885 0.02033984375 0.11946527777777778
2 0.69970703125 0.49522916666666666 0.025800781249999998 0.11469444444444445
0 0.66015625 0.4574652777777778 0.02328515625 0.12478472222222223
4 0.6298828125 0.40429861111111115 0.029375000000000002 0.15874305555555557
2 0.54443359375 0.35655555555555557 0.02021875 0.10584722222222222
1 0.59716796875 0.3732638888888889 0.027433593750000002 0.16504166666666667
9 0.31201171875 0.5164930555555556 0.02229296875 0.06510416666666667
3 0.559515625 0.4354236111111111 0.027234374999999998 0.08195833333333333
3 0.53226953125 0.4038333333333333 0.03329296875 0.09516666666666666