0 0.623828125 0.9041666666666667 0.03984375 0.06944444444444445
3 0.4517578125 0.6878472222222223 0.028515625 0.052083333333333336
3 0.441796875 0.3576388888888889 0.02734375 0.05694444444444444
11 0.3337890625 0.2795138888888889 0.041796875 0.07847222222222222
5 0.50234375 0.7916666666666666 0.034375 0.06805555555555555
9 0.3830078125 0.7826388888888889 0.033203125 0.05555555555555555
0 0.68515625 0.5802083333333333 0.04140625 0.05486111111111111
9 0.3923828125 0.47291666666666665 0.031640625 0.05694444444444444
2 0.328515625 0.3746527777777778 0.03984375 0.06180555555555556
5 0.5044921875 0.4795138888888889 0.033203125 0.059027777777777776
1 0.5677734375 0.26631944444444444 0.044921875 0.09652777777777778
8 0.2705078125 0.3611111111111111 0.047265625 0.07361111111111111
4 0.5691875 0.5887013888888889 0.05303515625000001 0.08023611111111112
2 0.44263281250000003 0.9111736111111111 0.048324218749999995 0.08113194444444444
6 0.26696484374999996 0.1605347222222222 0.057863281249999995 0.10670138888888889
6 0.26403515624999996 0.4823125 0.052003906249999995 0.08121527777777778
11 0.25925 0.6905763888888888 0.05962109375 0.08134027777777778
7 0.3216484375 0.9096041666666667 0.0656875 0.08633333333333333
8 0.3228203125 0.7997430555555556 0.03990625 0.0748125
10 0.32975390625 0.5847083333333334 0.0553359375 0.07780555555555556