5 0.2732421875 0.30104166666666665 0.062109375 0.11597222222222223
0 0.4177734375 0.33368055555555554 0.051953125 0.13125
3 0.2546875 0.4354166666666667 0.0546875 0.0875
3 0.4060546875 0.46458333333333335 0.048046875 0.09166666666666666
2 0.3443359375 0.32222222222222224 0.058984375 0.12638888888888888
3 0.333984375 0.4527777777777778 0.04609375 0.08888888888888889
3 0.4861328125 0.4857638888888889 0.037109375 0.08680555555555555
2 0.7470703125 0.3548611111111111 0.051171875 0.13472222222222222
3 0.8244140625 0.5361111111111111 0.045703125 0.09444444444444444
3 0.6509765625 0.5166666666666667 0.037109375 0.0875
3 0.7205078125 0.5354166666666667 0.041796875 0.09861111111111111
3 0.569140625 0.5100694444444445 0.03984375 0.09513888888888888
0 0.6572265625 0.3597222222222222 0.040234375 0.14027777777777778
1 0.4947265625 0.3236111111111111 0.058984375 0.1875
5 0.84140625 0.3753472222222222 0.06171875 0.1284722222222222
4 0.580078125 0.3284722222222222 0.059375 0.16666666666666666