5 0.25 0.3489583333333333 0.0625 0.09513888888888888
5 0.8076171875 0.4375 0.058984375 0.10138888888888889
3 0.313671875 0.5038194444444445 0.04453125 0.07013888888888889
2 0.3216796875 0.37430555555555556 0.059765625 0.10555555555555556
2 0.7146484375 0.41597222222222224 0.048046875 0.10694444444444444
3 0.4626953125 0.5381944444444444 0.037109375 0.06944444444444445
3 0.7880859375 0.5958333333333333 0.040234375 0.07083333333333333
0 0.393359375 0.390625 0.0515625 0.09791666666666667
1 0.469140625 0.3892361111111111 0.0578125 0.14375
4 0.55234375 0.3871527777777778 0.06015625 0.1423611111111111
3 0.687890625 0.5916666666666667 0.03984375 0.075
3 0.384765625 0.5163194444444444 0.04609375 0.07291666666666667
3 0.2365234375 0.48333333333333334 0.051171875 0.07083333333333333
3 0.5427734375 0.5625 0.037109375 0.0763888888888889
3 0.62109375 0.5711805555555556 0.03671875 0.06875
0 0.628125 0.42256944444444444 0.03828125 0.10486111111111111