3 0.12166015625 0.7014791666666667 0.0890234375 0.12449305555555557
3 0.22155859375000003 0.6141527777777778 0.04092578125 0.11371527777777778
3 0.2880859375 0.5612013888888889 0.037109375 0.1130625
3 0.3564453125 0.5004375 0.0347578125 0.11371527777777778
3 0.42944531250000006 0.4461805555555556 0.031859375 0.11122222222222222
3 0.49853515625 0.3993055555555556 0.02981640625 0.10704166666666666
3 0.55703125 0.34024305555555556 0.03696875 0.10881249999999999
3 0.6154296875 0.3022986111111111 0.04169140625 0.12052777777777778
5 0.6591796875 0.37738888888888894 0.050050781249999995 0.13509027777777777
5 0.15185546875 0.8407152777777779 0.06384375 0.1584236111111111
0 0.3308125 0.6493055555555556 0.044679687499999995 0.16655555555555557
4 0.4052734375 0.5763888888888888 0.053496093749999994 0.20475
0 0.5361328125 0.4427083333333333 0.043609375 0.17502083333333335
2 0.59375 0.4157986111111111 0.048765625 0.1467013888888889
2 0.24890234375000003 0.7478333333333335 0.056855468750000006 0.14627083333333332
9 0.04823046875 0.18341666666666667 0.0577890625 0.13902777777777778
9 0.11901953125 0.14366666666666666 0.0368359375 0.1114375
9 0.18891796875 0.11586111111111111 0.043460937500000005 0.11773611111111111
9 0.24614453125 0.06723611111111111 0.03600390625 0.11695138888888888
9 0.30576171875 0.051 0.038 0.10134722222222223
9 0.36181640625 0.02773611111111111 0.028761718749999998 0.05422916666666667
6 0.08801171875 0.06190277777777778 0.04248046875 0.12380555555555556
8 0.02298046875 0.09049305555555556 0.0445234375 0.15071527777777777
1 0.47123046874999996 0.489375 0.06160546875 0.24888888888888888