5 0.590576171875 0.06856309263311451 0.04931640625 0.1137855579868709
5 0.83935546875 0.7315827862873815 0.0732421875 0.14442013129102846
1 0.791015625 0.36688548504741064 0.07421875 0.199854121079504
4 0.599609375 0.2964989059080963 0.064453125 0.18016046681254558
3 0.69921875 0.4033552151714077 0.052734375 0.11086797957695113
3 0.677490234375 0.22684172137126185 0.04638671875 0.10211524434719182
3 0.6630859375 0.14259664478482859 0.0439453125 0.09555069292487235
3 0.520263671875 0.06491611962071481 0.04638671875 0.1050328227571116
3 0.625 0.5061998541210795 0.0458984375 0.10795040116703136
3 0.518798828125 0.30342815463165573 0.04736328125 0.10211524434719182
2 0.589111328125 0.13274981765134938 0.04248046875 0.12837345003646974
2 0.4443359375 0.39460247994164843 0.068359375 0.1400437636761488
6 0.4423828125 0.6024799416484318 0.06640625 0.14296134208606856
7 0.17333984375 0.3636032093362509 0.078125 0.20204230488694383
10 0.3662109375 0.29540481400437635 0.064453125 0.17067833698030635
8 0.3662109375 0.19547775346462437 0.0546875 0.13420860685630925
8 0.16455078125 0.6010211524434719 0.08203125 0.15317286652078774
11 0.254150390625 0.7417943107221007 0.07177734375 0.13712618526622902
11 0.20751953125 0.055433989788475566 0.0576171875 0.11086797957695113
9 0.264404296875 0.6137855579868708 0.05126953125 0.11159737417943107
9 0.28515625 0.060539752005835154 0.05078125 0.09919766593727207
9 0.289794921875 0.21772428884026257 0.05810546875 0.10576221735959154
9 0.43701171875 0.29795769511305614 0.0498046875 0.10867979576951131
9 0.447021484375 0.738147337709701 0.06298828125 0.12253829321663019