9 0.38828125 0.47638888888888886 0.034375 0.08472222222222223
2 0.4033203125 0.8763888888888889 0.045703125 0.09861111111111111
3 0.44453125 0.390625 0.0265625 0.08263888888888889
9 0.3533203125 0.7479166666666667 0.036328125 0.08472222222222223
11 0.23671875 0.6413194444444444 0.05 0.1076388888888889
3 0.4326171875 0.6708333333333333 0.030859375 0.08194444444444444
5 0.4771484375 0.76875 0.036328125 0.10138888888888889
2 0.33828125 0.3861111111111111 0.0390625 0.09583333333333334
11 0.3501953125 0.3177083333333333 0.038671875 0.10347222222222222
6 0.2640625 0.45625 0.0453125 0.11944444444444445
0 0.60234375 0.8965277777777778 0.03671875 0.1125
5 0.498828125 0.48819444444444443 0.0328125 0.09722222222222222
7 0.2724609375 0.8329861111111111 0.068359375 0.14791666666666667
8 0.2890625 0.7472222222222222 0.05078125 0.10416666666666667
8 0.2849609375 0.3684027777777778 0.044140625 0.10625
4 0.554296875 0.56875 0.0390625 0.14305555555555555
1 0.5642578125 0.30694444444444446 0.039453125 0.15833333333333333
10 0.3171875 0.5472222222222223 0.0578125 0.14583333333333334
6 0.301140625 0.22319444444444442 0.048105468750000005 0.12375
0 0.6735703125 0.5862777777777778 0.04153125 0.13369444444444445