1 0.767578125 0.3012399708242159 0.0888671875 0.21298322392414296
5 0.65771484375 0.16666666666666666 0.0693359375 0.1422319474835886
2 0.645751953125 0.7629467541940189 0.08447265625 0.16046681254558717
3 0.698974609375 0.5444930707512764 0.05908203125 0.11013858497447118
3 0.51904296875 0.350474106491612 0.0537109375 0.11597374179431072
0 0.53466796875 0.5437636761487965 0.0634765625 0.15244347191830782
0 0.349853515625 0.1473377097009482 0.06201171875 0.1575492341356674
7 0.17529296875 0.39350838803792854 0.0888671875 0.22392414296134208
9 0.3388671875 0.5433989788475565 0.0615234375 0.11816192560175055
10 0.443115234375 0.14843180160466812 0.07177734375 0.18161925601750548
8 0.196044921875 0.14551422319474835 0.07958984375 0.15681983953318746
6 0.50439453125 0.0700218818380744 0.056640625 0.1400437636761488
6 0.150634765625 0.6393143690736689 0.08154296875 0.15681983953318746