5 0.7662109375 0.5909722222222222 0.049609375 0.1763888888888889
5 0.4080078125 0.31840277777777776 0.031640625 0.11875
0 0.6224609375 0.4684027777777778 0.035546875 0.19652777777777777
3 0.4267578125 0.421875 0.030859375 0.11180555555555556
0 0.4751953125 0.3614583333333333 0.032421875 0.1673611111111111
3 0.3560546875 0.35625 0.029296875 0.10138888888888889
3 0.46796875 0.4621527777777778 0.03046875 0.11597222222222223
3 0.5662109375 0.55 0.033203125 0.12361111111111112
3 0.3923828125 0.3920138888888889 0.027734375 0.10625
3 0.6099609375 0.5954861111111112 0.038671875 0.13680555555555557
4 0.5740234375 0.40694444444444444 0.045703125 0.2361111111111111
3 0.6935546875 0.6513888888888889 0.037109375 0.15138888888888888
3 0.5115234375 0.5065972222222223 0.032421875 0.12569444444444444
2 0.6890625 0.5180555555555556 0.03984375 0.16666666666666666
2 0.437890625 0.3503472222222222 0.02890625 0.13819444444444445
6 0.0513671875 0.8663194444444444 0.069921875 0.18958333333333333
9 0.10078125 0.7118055555555556 0.059375 0.1486111111111111
9 0.187890625 0.8635416666666667 0.05546875 0.16875
9 0.2359375 0.9329861111111111 0.059375 0.1326388888888889
9 0.149609375 0.7743055555555556 0.04609375 0.15694444444444444
9 0.05234375 0.590625 0.04296875 0.1326388888888889
1 0.5205078125 0.3638888888888889 0.044140625 0.25277777777777777
9 0.021875 0.5440972222222222 0.04296875 0.12986111111111112