5 0.6150390625 0.46493055555555557 0.037109375 0.12152777777777778
11 0.23828125 0.6586805555555556 0.0578125 0.1284722222222222
2 0.2962890625 0.6722222222222223 0.051953125 0.13194444444444445
3 0.3361328125 0.5045138888888889 0.038671875 0.09375
5 0.43203125 0.4173611111111111 0.03984375 0.11805555555555555
9 0.385546875 0.6013888888888889 0.040625 0.10277777777777777
3 0.541796875 0.5350694444444445 0.03203125 0.10208333333333333
11 0.4830078125 0.8770833333333333 0.052734375 0.14166666666666666
6 0.3359375 0.8180555555555555 0.0640625 0.15138888888888888
4 0.50859375 0.3236111111111111 0.04921875 0.18194444444444444
8 0.5779296875 0.7579861111111111 0.043359375 0.15069444444444444
6 0.130859375 0.74375 0.07421875 0.14722222222222223
9 0.5826171875 0.6652777777777777 0.037109375 0.10555555555555556
0 0.533984375 0.1951388888888889 0.03203125 0.14027777777777778
10 0.435546875 0.6989583333333333 0.0640625 0.19236111111111112
8 0.2609375 0.7868055555555555 0.06015625 0.13333333333333333
0 0.701171875 0.29791666666666666 0.034375 0.14722222222222223
10 0.6498046875 0.7527777777777778 0.058984375 0.2222222222222222
2 0.6766953124999999 0.5777777777777777 0.05090625 0.16111111111111112
1 0.33131640625 0.2808333333333333 0.0756484375 0.2168125