5 0.316015625 0.26875 0.04453125 0.125
5 0.8134765625 0.3267361111111111 0.047265625 0.14097222222222222
1 0.508984375 0.26458333333333334 0.0484375 0.2222222222222222
3 0.3615234375 0.38055555555555554 0.036328125 0.10416666666666667
3 0.291015625 0.36701388888888886 0.0390625 0.10069444444444445
3 0.8017578125 0.4486111111111111 0.038671875 0.1125
3 0.6453125 0.43125 0.034375 0.10555555555555556
3 0.4234375 0.3909722222222222 0.03515625 0.10277777777777777
0 0.4404296875 0.284375 0.037890625 0.15208333333333332
3 0.5703125 0.4239583333333333 0.0328125 0.11041666666666666
3 0.495703125 0.4059027777777778 0.0328125 0.10625
3 0.708203125 0.44583333333333336 0.03515625 0.1125
0 0.652734375 0.30451388888888886 0.0359375 0.16319444444444445
2 0.7298828125 0.30972222222222223 0.044140625 0.14583333333333334
2 0.3771484375 0.284375 0.043359375 0.13680555555555557
4 0.5822265625 0.2743055555555556 0.050390625 0.2