1 0.770751953125 0.30452224653537563 0.08837890625 0.1976659372720642
2 0.645263671875 0.7684172137126185 0.07666015625 0.15536105032822758
5 0.6611328125 0.17104303428154632 0.0634765625 0.13202042304886943
3 0.69921875 0.5404814004376368 0.0546875 0.11962071480671042
3 0.51904296875 0.3486506199854121 0.05078125 0.11086797957695113
0 0.535888671875 0.5408460977388767 0.06591796875 0.14952589350838805
0 0.352783203125 0.15317286652078774 0.05908203125 0.1415025528811087
7 0.176025390625 0.39569657184536833 0.08251953125 0.21079504011670314
8 0.1953125 0.14952589350838805 0.0703125 0.1575492341356674
6 0.501708984375 0.07476294675419402 0.06103515625 0.1436907366885485
6 0.3544921875 0.32603938730853393 0.06640625 0.15171407731582787
9 0.3408203125 0.5514223194748359 0.0556640625 0.11962071480671042