5 0.3154296875 0.2857638888888889 0.047265625 0.12708333333333333
1 0.5130859375 0.27881944444444445 0.048046875 0.22708333333333333
3 0.289453125 0.38680555555555557 0.0390625 0.10138888888888889
4 0.5880859375 0.290625 0.049609375 0.20625
3 0.4267578125 0.4114583333333333 0.036328125 0.10625
0 0.6595703125 0.32222222222222224 0.038671875 0.1625
3 0.3623046875 0.40069444444444446 0.037109375 0.10555555555555556
3 0.653125 0.4517361111111111 0.03515625 0.1076388888888889
3 0.499609375 0.42743055555555554 0.03203125 0.1076388888888889
3 0.814453125 0.46944444444444444 0.0390625 0.1125
3 0.57734375 0.4444444444444444 0.03359375 0.1125
3 0.717578125 0.46770833333333334 0.03828125 0.11597222222222223
2 0.3775390625 0.3020833333333333 0.044140625 0.1388888888888889
0 0.4427734375 0.30104166666666665 0.039453125 0.15347222222222223
2 0.7404296875 0.3263888888888889 0.047265625 0.14722222222222223
5 0.824609375 0.34444444444444444 0.0484375 0.14444444444444443