5 0.295703125 0.24791666666666667 0.040625 0.10694444444444444
5 0.7271484375 0.3020833333333333 0.037890625 0.11944444444444445
3 0.4564453125 0.3729166666666667 0.028515625 0.09166666666666666
3 0.3388671875 0.34930555555555554 0.030859375 0.09166666666666666
3 0.39375 0.35833333333333334 0.03203125 0.09305555555555556
0 0.4076171875 0.26319444444444445 0.037890625 0.13472222222222222
3 0.5837890625 0.39305555555555555 0.026953125 0.0875
3 0.7169921875 0.40520833333333334 0.032421875 0.09236111111111112
2 0.6564453125 0.2857638888888889 0.036328125 0.12291666666666666
3 0.637109375 0.40520833333333334 0.03125 0.09513888888888888
0 0.590234375 0.2826388888888889 0.02890625 0.1375
3 0.520703125 0.3892361111111111 0.028125 0.09513888888888888
3 0.275390625 0.3375 0.034375 0.08888888888888889
9 0.24140625 0.8774305555555556 0.04921875 0.09375
9 0.4642578125 0.9204861111111111 0.041796875 0.09652777777777778
9 0.3166015625 0.8927083333333333 0.046484375 0.08958333333333333
9 0.1630859375 0.8746527777777777 0.055078125 0.09513888888888888
9 0.3828125 0.9246527777777778 0.0421875 0.09652777777777778
2 0.3515625 0.2625 0.0421875 0.12222222222222222
0 0.4671875 0.246875 0.03828125 0.1840277777777778
9 0.5462890625 0.9486111111111111 0.042578125 0.09722222222222222
9 0.6244140625 0.9572916666666667 0.040234375 0.08402777777777778
4 0.5302734375 0.25625 0.041015625 0.16805555555555557