5 0.3802734375 0.9375 0.042578125 0.11944444444444445
6 0.3140625 0.41597222222222224 0.02890625 0.13055555555555556
2 0.4501953125 0.884375 0.038671875 0.12569444444444444
8 0.4869140625 0.33125 0.026171875 0.10555555555555556
3 0.356640625 0.8545138888888889 0.03359375 0.1076388888888889
10 0.40703125 0.3576388888888889 0.0328125 0.15555555555555556
3 0.4720703125 0.7600694444444445 0.027734375 0.09652777777777778
3 0.521875 0.7152777777777778 0.03203125 0.10138888888888889
9 0.4314453125 0.4267361111111111 0.030078125 0.08958333333333333
3 0.7189453125 0.5809027777777778 0.026953125 0.09930555555555555
9 0.2912109375 0.5163194444444444 0.033203125 0.08819444444444445
3 0.5751953125 0.6784722222222223 0.031640625 0.09583333333333334
3 0.4236328125 0.79375 0.028515625 0.1
9 0.2337890625 0.5420138888888889 0.035546875 0.08819444444444445
9 0.3404296875 0.48854166666666665 0.031640625 0.08819444444444445
9 0.3908203125 0.4618055555555556 0.031640625 0.08611111111111111
6 0.4509765625 0.3503472222222222 0.030078125 0.12708333333333333
5 0.75546875 0.6256944444444444 0.03515625 0.1111111111111111
11 0.216015625 0.4861111111111111 0.03671875 0.10833333333333334
9 0.513671875 0.3854166666666667 0.03125 0.08611111111111111
9 0.4744140625 0.4059027777777778 0.033203125 0.09791666666666667
9 0.553125 0.353125 0.0296875 0.08819444444444445
8 0.26796875 0.45243055555555556 0.0296875 0.11597222222222223
3 0.6697265625 0.6118055555555556 0.029296875 0.09027777777777778
4 0.5623046875 0.7618055555555555 0.044140625 0.17777777777777778
2 0.7076171875 0.6538194444444444 0.038671875 0.12013888888888889
7 0.3611328125 0.37083333333333335 0.037109375 0.175
0 0.5076171875 0.8131944444444444 0.037890625 0.14583333333333334
11 0.5236328125 0.31493055555555555 0.027734375 0.11458333333333333
0 0.6609375 0.6774305555555555 0.034375 0.13680555555555557
1 0.6147890625 0.708125 0.05362890625 0.20249305555555555