1 0.656982421875 0.7461706783369803 0.08642578125 0.1925601750547046
5 0.845458984375 0.7789934354485777 0.07275390625 0.1415025528811087
4 0.591796875 0.3282275711159737 0.064453125 0.1765134938001459
3 0.677734375 0.25601750547045954 0.048828125 0.1050328227571116
3 0.62158203125 0.5463165572574763 0.0556640625 0.1137855579868709
3 0.5107421875 0.33661560904449306 0.0517578125 0.10722100656455143
11 0.4384765625 0.2523705324580598 0.056640625 0.12253829321663019
7 0.34912109375 0.41174325309992704 0.072265625 0.19183078045222465
9 0.429443359375 0.3413566739606127 0.04833984375 0.10649161196207148
9 0.353759765625 0.17906637490882568 0.04833984375 0.10576221735959154
9 0.270751953125 0.08716265499635302 0.05126953125 0.10722100656455143
9 0.257080078125 0.6717724288840262 0.05908203125 0.11816192560175055