5 0.7470703125 0.46979166666666666 0.053515625 0.16041666666666668
11 0.2818359375 0.47291666666666665 0.056640625 0.16111111111111112
5 0.5375 0.3375 0.0390625 0.15138888888888888
2 0.8076171875 0.6125 0.062109375 0.17916666666666667
6 0.346875 0.6680555555555555 0.0625 0.21666666666666667
9 0.44921875 0.4954861111111111 0.0390625 0.1326388888888889
6 0.14921875 0.49201388888888886 0.07265625 0.20625
3 0.6416015625 0.5076388888888889 0.041796875 0.13055555555555556
8 0.27421875 0.6027777777777777 0.0578125 0.1763888888888889
11 0.499609375 0.8260416666666667 0.0640625 0.20208333333333334
0 0.8845703125 0.33819444444444446 0.058984375 0.19305555555555556
2 0.33671875 0.5072916666666667 0.05234375 0.16319444444444445
3 0.4193359375 0.3798611111111111 0.034765625 0.12083333333333333
7 0.736328125 0.778125 0.09375 0.3284722222222222
8 0.6388671875 0.75625 0.058203125 0.20694444444444443
0 0.6974609375 0.16597222222222222 0.037109375 0.175
10 0.4822265625 0.5986111111111111 0.062109375 0.2722222222222222
4 0.6431640625 0.2704861111111111 0.054296875 0.23680555555555555
9 0.6697265625 0.6677083333333333 0.040234375 0.14652777777777778
1 0.45698828125 0.1522361111111111 0.0567265625 0.2760902777777778