5 0.7189453125 0.5447916666666667 0.044140625 0.11736111111111111
0 0.4330078125 0.7059027777777778 0.036328125 0.15486111111111112
5 0.290234375 0.8305555555555556 0.04375 0.14305555555555555
2 0.3681640625 0.7732638888888889 0.042578125 0.1326388888888889
3 0.458203125 0.6020833333333333 0.03046875 0.10138888888888889
3 0.6294921875 0.5128472222222222 0.031640625 0.09236111111111112
2 0.665234375 0.5666666666666667 0.04765625 0.12222222222222222
7 0.31484375 0.19340277777777778 0.0328125 0.19375
3 0.522265625 0.5704861111111111 0.028125 0.09652777777777778
3 0.4021484375 0.6413194444444444 0.030078125 0.10347222222222222
3 0.68359375 0.4861111111111111 0.0328125 0.10277777777777777
3 0.27265625 0.721875 0.03203125 0.10902777777777778
9 0.5244140625 0.20798611111111112 0.033203125 0.09236111111111112
6 0.263671875 0.23576388888888888 0.02734375 0.14375
6 0.4126953125 0.18611111111111112 0.026171875 0.13472222222222222
9 0.2853515625 0.31666666666666665 0.035546875 0.10555555555555556
9 0.3880859375 0.26840277777777777 0.032421875 0.09375
9 0.4345703125 0.2548611111111111 0.032421875 0.09583333333333334
9 0.1708984375 0.35694444444444445 0.037109375 0.09722222222222222
9 0.341796875 0.3003472222222222 0.03359375 0.09513888888888888
9 0.4802734375 0.23472222222222222 0.032421875 0.09305555555555556
0 0.608984375 0.5864583333333333 0.040625 0.1451388888888889
9 0.2306640625 0.340625 0.035546875 0.09930555555555555
3 0.3494140625 0.6690972222222222 0.032421875 0.10069444444444445
1 0.554296875 0.6003472222222223 0.04375 0.21458333333333332
3 0.58125 0.5413194444444445 0.02578125 0.09236111111111112
8 0.2111328125 0.26805555555555555 0.030078125 0.12222222222222222
11 0.155078125 0.2899305555555556 0.03828125 0.11736111111111111
8 0.4552734375 0.17118055555555556 0.026171875 0.11041666666666666
10 0.3662109375 0.18680555555555556 0.031640625 0.16805555555555557
4 0.4966796875 0.6607638888888889 0.048828125 0.1909722222222222
11 0.4962890625 0.15416666666666667 0.029296875 0.10694444444444444