9 0.2669609375 0.5959652777777779 0.0561875 0.11066666666666668
9 0.312890625 0.5361944444444444 0.0412109375 0.11995138888888889
9 0.3825703125 0.4292916666666666 0.03936328125 0.10384027777777778
9 0.40400390625 0.37087499999999995 0.030179687500000003 0.09976388888888889
9 0.43374218750000004 0.3339375 0.03659765625 0.1047013888888889
9 0.45825390625000006 0.29730555555555555 0.032144531250000004 0.099125
9 0.47914843749999997 0.24887499999999999 0.032171875 0.09497916666666667
11 0.21801953125 0.5538194444444444 0.0425703125 0.1254375
11 0.43188671875000006 0.22395833333333334 0.0244765625 0.09797916666666667
6 0.29223828125 0.42079166666666673 0.03408984375 0.13975694444444445
7 0.3232890625 0.34778472222222223 0.0405625 0.1982986111111111
8 0.26123046875 0.4908888888888889 0.03460546875 0.13053472222222223
10 0.35986328125 0.3194444444444444 0.035734375 0.1780625
6 0.390625 0.2879791666666667 0.02461328125 0.1331388888888889
8 0.41089062500000006 0.26085416666666666 0.02661328125 0.10802083333333334
9 0.34780078125 0.4810763888888889 0.044515624999999996 0.10747916666666667
3 0.57080078125 0.7773472222222223 0.031082031249999996 0.11425694444444444
3 0.59765625 0.6867152777777777 0.0379609375 0.1239375
3 0.62109375 0.6269166666666667 0.036402343749999996 0.11515972222222223
3 0.64140625 0.5613680555555556 0.03446484375 0.12380555555555556
3 0.66416015625 0.5001805555555555 0.03525 0.12986805555555556
3 0.68818359375 0.4397152777777778 0.0350546875 0.1051875
3 0.726953125 0.32979861111111114 0.0315 0.08064583333333333
5 0.64453125 0.8311666666666667 0.04248046875 0.14203472222222221
5 0.7802734375 0.3611111111111111 0.036148437500000005 0.10802083333333334
2 0.6751953125 0.736361111111111 0.04191796875 0.14872222222222223
0 0.68984375 0.6307083333333333 0.04189453125 0.14970833333333333
4 0.71953125 0.5099027777777778 0.04010546875 0.11940972222222221
1 0.73583984375 0.4383680555555556 0.04123046875 0.1293402777777778
3 0.70546875 0.38524305555555555 0.0333359375 0.07522916666666667