9 0.26334765625 0.6183472222222222 0.038417968749999996 0.10753472222222221
9 0.30688671875 0.5507847222222222 0.029648437500000003 0.09494444444444444
9 0.3359375 0.4947916666666667 0.028015625 0.089625
9 0.3701171875 0.4366319444444444 0.02423046875 0.08398611111111111
9 0.38671875 0.37652083333333336 0.023558593750000002 0.08848611111111111
9 0.41396484375 0.33845138888888887 0.025539062499999998 0.0931388888888889
9 0.43628125000000006 0.29405555555555557 0.02288671875 0.08045833333333333
9 0.45444140624999996 0.2474375 0.0300625 0.09545833333333334
3 0.58544921875 0.7730069444444445 0.0322890625 0.11620833333333333
3 0.60302734375 0.6766527777777778 0.030851562500000002 0.09944444444444443
3 0.623046875 0.6163194444444444 0.0302734375 0.10183333333333332
3 0.63623046875 0.546875 0.03050390625 0.09217361111111111
3 0.6611328125 0.4800347222222222 0.027953125000000002 0.08995138888888889
3 0.67919921875 0.4225416666666667 0.033296875 0.0932638888888889
3 0.704296875 0.3305138888888889 0.0344921875 0.11951388888888889
2 0.68505859375 0.7070347222222222 0.04217578125 0.11925
8 0.25024609375 0.5069444444444444 0.039125 0.13292361111111112
11 0.40503125000000006 0.22547916666666667 0.024703125 0.09868750000000001
11 0.20861718749999997 0.5789930555555556 0.0432734375 0.12890972222222222
6 0.27783203125 0.4392361111111111 0.03719921875 0.14160416666666667
6 0.36865234375 0.29470833333333335 0.026808593749999998 0.13368055555555555
7 0.30517578125 0.3658888888888889 0.03918359375 0.20334027777777777
10 0.33911328125 0.3289930555555556 0.03698828125 0.17838888888888887
5 0.66455078125 0.8229166666666666 0.044191406249999995 0.1385625
5 0.75986328125 0.33477083333333335 0.037296875 0.11713194444444444
0 0.694921875 0.5927013888888889 0.0522265625 0.11698611111111111
1 0.7259765625 0.40195833333333336 0.048019531250000004 0.11035416666666667
4 0.7173828125 0.4902847222222222 0.048234375 0.11837500000000001
8 0.386484375 0.2602986111111111 0.032730468750000005 0.11018055555555556
3 0.6909492187499999 0.37172916666666667 0.0283828125 0.08997916666666667