3 0.323046875 0.5732638888888889 0.0453125 0.07430555555555556
3 0.394140625 0.5850694444444444 0.046875 0.07847222222222222
2 0.728125 0.4822916666666667 0.053125 0.11458333333333333
3 0.245703125 0.5545138888888889 0.05078125 0.07291666666666667
3 0.472265625 0.6086805555555556 0.03828125 0.07569444444444444
2 0.3328125 0.446875 0.05859375 0.10347222222222222
3 0.553125 0.6315972222222223 0.0375 0.08263888888888889
5 0.261328125 0.42083333333333334 0.05703125 0.09722222222222222
3 0.700390625 0.6625 0.04140625 0.08472222222222223
3 0.803125 0.6645833333333333 0.04140625 0.07777777777777778
1 0.4810546875 0.45625 0.058984375 0.14722222222222223
3 0.6333984375 0.640625 0.037109375 0.07152777777777777
5 0.8201171875 0.5038194444444445 0.058984375 0.1076388888888889
0 0.4044921875 0.46041666666666664 0.053515625 0.1
0 0.640625 0.48854166666666665 0.0390625 0.11041666666666666
4 0.562890625 0.4583333333333333 0.05703125 0.1388888888888889