5 0.809765625 0.453125 0.0578125 0.10625
5 0.2453125 0.36770833333333336 0.0625 0.09652777777777778
3 0.3080078125 0.5225694444444444 0.048046875 0.07291666666666667
3 0.3791015625 0.5333333333333333 0.044140625 0.0763888888888889
3 0.459765625 0.55625 0.03671875 0.07222222222222222
3 0.2296875 0.5020833333333333 0.0515625 0.07361111111111111
0 0.3908203125 0.409375 0.053515625 0.10069444444444445
2 0.714453125 0.43159722222222224 0.05 0.11180555555555556
3 0.7892578125 0.6135416666666667 0.040234375 0.07291666666666667
3 0.6875 0.6107638888888889 0.04140625 0.07847222222222222
3 0.5412109375 0.5815972222222222 0.039453125 0.07847222222222222
3 0.6208984375 0.5895833333333333 0.036328125 0.06805555555555555
2 0.317578125 0.3923611111111111 0.06171875 0.10972222222222222
4 0.5505859375 0.40694444444444444 0.058984375 0.1375
1 0.46640625 0.40555555555555556 0.06015625 0.14722222222222223
0 0.62734375 0.43854166666666666 0.03828125 0.11041666666666666