1 0.7705078125 0.2975929978118162 0.080078125 0.20860685630926332
0 0.507568359375 0.22538293216630198 0.06201171875 0.1560904449307075
5 0.511474609375 0.34463894967177244 0.06689453125 0.12472647702407003
5 0.572265625 0.07950401167031364 0.0634765625 0.13274981765134938
3 0.684814453125 0.33916849015317285 0.04736328125 0.11670313639679067
3 0.604248046875 0.5404814004376368 0.05419921875 0.11670313639679067
3 0.5419921875 0.6608315098468271 0.0615234375 0.12253829321663019
3 0.4189453125 0.18052516411378555 0.0498046875 0.11159737417943107
2 0.3486328125 0.43326039387308535 0.0576171875 0.1487964989059081
2 0.2431640625 0.637126185266229 0.0732421875 0.1539022611232677
8 0.23291015625 0.7906637490882568 0.076171875 0.16046681254558717
7 0.16650390625 0.3052516411378556 0.080078125 0.2049598832968636
6 0.4384765625 0.43289569657184535 0.068359375 0.15827862873814733
10 0.34326171875 0.15061998541210794 0.0654296875 0.1787016776075857
11 0.19775390625 0.08935083880379285 0.068359375 0.13056163384390956
9 0.2724609375 0.16447848285922684 0.0546875 0.10722100656455143
9 0.258544921875 0.337345003646973 0.05419921875 0.11013858497447118
9 0.2587890625 0.4387308533916849 0.0615234375 0.11451495258935084
9 0.35546875 0.5587162654996353 0.0634765625 0.12399708242159008