3 0.7490234375 0.03611111111111111 0.026171875 0.07222222222222222
3 0.634765625 0.03715277777777778 0.025 0.07430555555555556
11 0.30078125 0.571875 0.05078125 0.08958333333333333
6 0.4212890625 0.5621527777777777 0.048046875 0.09513888888888888
3 0.522265625 0.035416666666666666 0.025 0.07083333333333333
3 0.5783203125 0.03923611111111111 0.025390625 0.07847222222222222
3 0.417578125 0.030555555555555555 0.025 0.06111111111111111
3 0.6802734375 0.04131944444444444 0.029296875 0.08263888888888889
9 0.3109375 0.4708333333333333 0.03984375 0.07777777777777778
11 0.7416015625 0.6111111111111112 0.044140625 0.1
3 0.4654296875 0.03159722222222222 0.027734375 0.06319444444444444
9 0.6140625 0.4909722222222222 0.03203125 0.07222222222222222
8 0.6712890625 0.6013888888888889 0.041015625 0.1
9 0.373828125 0.46875 0.03671875 0.07222222222222222
9 0.742578125 0.5145833333333333 0.0359375 0.08055555555555556
9 0.43203125 0.471875 0.0296875 0.07152777777777777
9 0.6755859375 0.49583333333333335 0.032421875 0.08055555555555556
10 0.48046875 0.5711805555555556 0.053125 0.12291666666666666
9 0.5498046875 0.47881944444444446 0.030078125 0.07708333333333334
3 0.3607421875 0.028125 0.026953125 0.05625
6 0.6064453125 0.5989583333333334 0.034765625 0.10486111111111111
9 0.4875 0.4892361111111111 0.03046875 0.07430555555555556
8 0.358203125 0.5715277777777777 0.04765625 0.09861111111111111
7 0.54096484375 0.5789930555555556 0.0606484375 0.14132638888888888