1 0.7666015625 0.29941648431801604 0.0771484375 0.20058351568198396
5 0.801513671875 0.5299051787016776 0.07080078125 0.13347921225382933
5 0.732421875 0.08570386579139315 0.0537109375 0.1261852662290299
2 0.59521484375 0.3358862144420131 0.0576171875 0.14077315827862874
2 0.638916015625 0.6546316557257477 0.07080078125 0.15244347191830782
3 0.73974609375 0.7826404084609774 0.0595703125 0.11524434719183078
4 0.519775390625 0.42414296134208607 0.06591796875 0.17432530999270604
3 0.577392578125 0.17432530999270604 0.05029296875 0.11232676878191102
3 0.6845703125 0.3450036469730124 0.046875 0.10795040116703136
3 0.60498046875 0.5401167031363968 0.052734375 0.11159737417943107
3 0.544189453125 0.6663019693654267 0.04638671875 0.11159737417943107
3 0.514892578125 0.26258205689277897 0.04931640625 0.10357403355215171
0 0.652099609375 0.07913931436907366 0.05224609375 0.13785557986870897
0 0.359375 0.5379285193289569 0.0615234375 0.14806710430342815
10 0.345947265625 0.14660831509846828 0.06201171875 0.17359591539022612
7 0.16357421875 0.40554339897884756 0.0849609375 0.20423048869438365
8 0.237548828125 0.787746170678337 0.06884765625 0.15463165572574764
11 0.196044921875 0.08606856309263311 0.05126953125 0.12545587162654998
6 0.188232421875 0.14806710430342815 0.05322265625 0.14296134208606856
6 0.1416015625 0.661560904449307 0.0703125 0.15025528811086797
8 0.3515625 0.3293216630196937 0.0634765625 0.1422319474835886
9 0.412109375 0.08570386579139315 0.05078125 0.10867979576951131
9 0.416015625 0.2439824945295405 0.0478515625 0.11159737417943107
9 0.273193359375 0.16593727206418674 0.04931640625 0.10722100656455143
9 0.259033203125 0.337345003646973 0.04931640625 0.10430342815463166
9 0.259033203125 0.4387308533916849 0.05517578125 0.11451495258935084
9 0.249755859375 0.6644784828592268 0.05419921875 0.11232676878191102