0 0.6869140625 0.5520833333333334 0.042578125 0.05694444444444444
3 0.4349609375 0.31875 0.028515625 0.059722222222222225
3 0.4455078125 0.6635416666666667 0.028515625 0.05486111111111111
2 0.3173828125 0.3347222222222222 0.043359375 0.06527777777777778
0 0.6220703125 0.8916666666666667 0.041015625 0.07222222222222222
9 0.3828125 0.4388888888888889 0.0328125 0.059722222222222225
9 0.373046875 0.7604166666666666 0.03359375 0.058333333333333334
8 0.3095703125 0.7711805555555555 0.047265625 0.06597222222222222
11 0.3228515625 0.23645833333333333 0.044921875 0.08541666666666667
1 0.5671875 0.22465277777777778 0.04609375 0.10069444444444445
8 0.2560546875 0.3190972222222222 0.048046875 0.07847222222222222
6 0.25680859375 0.11662499999999999 0.04692578125 0.09383333333333334
6 0.24997656250000003 0.44725 0.05669140625 0.07494444444444445
10 0.31393359374999996 0.5623263888888889 0.05962890625 0.10521527777777777
11 0.24157812500000003 0.6636805555555556 0.053953125000000005 0.0830625
7 0.30944140625 0.8889583333333333 0.056894531250000005 0.09777777777777778
5 0.49966015625000004 0.444125 0.0436484375 0.07425
5 0.49702343750000005 0.7714583333333334 0.0368125 0.0793125
2 0.43355078125 0.8934652777777777 0.041097656249999996 0.0818125
4 0.56381640625 0.5645833333333333 0.05948046875 0.09585416666666667