1 0.76806640625 0.29722830051057625 0.083984375 0.21517140773158278
5 0.56884765625 0.08606856309263311 0.0576171875 0.13274981765134938
0 0.509521484375 0.2323121808898614 0.06787109375 0.15536105032822758
3 0.681884765625 0.34208606856309265 0.05419921875 0.11524434719183078
3 0.607421875 0.5404814004376368 0.05859375 0.12107950401167031
3 0.544189453125 0.6626549963530269 0.05908203125 0.1276440554339898
3 0.41845703125 0.1812545587162655 0.0576171875 0.11889132020423049
2 0.34912109375 0.43800145878920493 0.0712890625 0.15244347191830782
2 0.242431640625 0.6385849744711889 0.07470703125 0.1611962071480671
8 0.23291015625 0.7840991976659373 0.076171875 0.15317286652078774
11 0.1962890625 0.09008023340627279 0.064453125 0.12910284463894967
10 0.345947265625 0.1473377097009482 0.06494140625 0.17797228300510576
7 0.1640625 0.30452224653537563 0.0849609375 0.20204230488694383
6 0.438720703125 0.42669584245076586 0.06201171875 0.1575492341356674
9 0.34912109375 0.32713347921225383 0.0517578125 0.11305616338439095
9 0.274658203125 0.16630196936542668 0.05615234375 0.10940919037199125
9 0.260986328125 0.3362509117432531 0.05908203125 0.11962071480671042
9 0.352783203125 0.5619985412107951 0.06787109375 0.12472647702407003