1 0.6923828125 0.3110867979576951 0.0859375 0.2064186725018235
10 0.738037109375 0.13858497447118892 0.07958984375 0.17213712618526622
6 0.443115234375 0.43435448577680524 0.06103515625 0.14952589350838805
11 0.436767578125 0.33953318745441285 0.06982421875 0.1363967906637491
5 0.272216796875 0.06965718453683442 0.05615234375 0.12910284463894967
7 0.166015625 0.3052516411378556 0.083984375 0.212253829321663
9 0.27587890625 0.16338439095550694 0.05859375 0.11232676878191102
9 0.35595703125 0.5594456601021153 0.060546875 0.1137855579868709
9 0.25830078125 0.3358862144420131 0.0546875 0.11889132020423049
3 0.346923828125 0.4401896425966448 0.05615234375 0.11305616338439095
3 0.591064453125 0.3435448577680525 0.05615234375 0.1137855579868709
3 0.54345703125 0.6652078774617067 0.0537109375 0.11816192560175055