11 0.2525390625 0.5340277777777778 0.049609375 0.07361111111111111
11 0.6833984375 0.5180555555555556 0.037109375 0.07222222222222222
9 0.6802734375 0.4166666666666667 0.034765625 0.06944444444444445
9 0.5564453125 0.4076388888888889 0.031640625 0.06388888888888888
6 0.3720703125 0.5104166666666666 0.044921875 0.07222222222222222
6 0.5541015625 0.5260416666666666 0.032421875 0.07708333333333334
8 0.617578125 0.515625 0.0375 0.07708333333333334
9 0.3169921875 0.4131944444444444 0.037109375 0.0625
9 0.4326171875 0.42256944444444444 0.032421875 0.06319444444444444
8 0.312109375 0.5284722222222222 0.04375 0.07916666666666666
9 0.616015625 0.4079861111111111 0.034375 0.06875
9 0.3783203125 0.4111111111111111 0.033203125 0.0625
9 0.4943359375 0.4048611111111111 0.031640625 0.06388888888888888
9 0.2544921875 0.4288194444444444 0.041015625 0.06458333333333334
10 0.4306640625 0.5138888888888888 0.051953125 0.09444444444444444
7 0.49296875 0.5180555555555556 0.04609375 0.09722222222222222