3 0.7997265625 0.6714652777777778 0.04672265625 0.0818125
3 0.7025390625 0.6657152777777777 0.048832031250000005 0.08453472222222222
3 0.55703125 0.6357638888888889 0.042734375000000005 0.06893055555555556
3 0.47778515625000006 0.6110277777777777 0.043199218750000004 0.07831944444444444
3 0.40283203125 0.5977430555555555 0.04574609375 0.07352083333333334
3 0.334375 0.5850694444444444 0.04780859375 0.0694375
3 0.2546875 0.5668402777777778 0.05354687500000001 0.07995833333333334
5 0.26962890625 0.43306944444444445 0.06287890625 0.09232638888888887
2 0.33935546875 0.45443055555555556 0.05655078125 0.09234027777777777
0 0.41089062500000006 0.47352777777777777 0.05090234375 0.088
1 0.48462109375000006 0.47439583333333335 0.055937499999999994 0.1172986111111111
4 0.56689453125 0.4739583333333333 0.05166796875 0.11209027777777777
0 0.6443359375 0.5036458333333333 0.04769140625 0.10595833333333335
3 0.637109375 0.6458333333333334 0.040996093750000004 0.08052083333333333
2 0.727078125 0.497375 0.057671875 0.11906249999999999
5 0.8178906250000001 0.5143888888888889 0.06819921875 0.11835416666666668