5 0.84033203125 0.7297592997811816 0.076171875 0.15244347191830782
3 0.51904296875 0.060175054704595186 0.0517578125 0.10576221735959154
1 0.789794921875 0.36943836615609044 0.08447265625 0.20787746170678337
4 0.59716796875 0.2910284463894967 0.0673828125 0.17943107221006566
3 0.69921875 0.4048140043763676 0.05859375 0.10065645514223195
3 0.67578125 0.22975929978118162 0.0556640625 0.09919766593727207
3 0.6640625 0.1447848285922684 0.0478515625 0.10430342815463166
3 0.518310546875 0.30233406272793584 0.04638671875 0.10722100656455143
3 0.626708984375 0.5149525893508388 0.05615234375 0.1137855579868709
2 0.439697265625 0.39569657184536833 0.06982421875 0.14077315827862874
6 0.443359375 0.6028446389496718 0.0673828125 0.14660831509846828
10 0.361572265625 0.2913931436907367 0.06591796875 0.18891320204230488
8 0.5087890625 0.13712618526622902 0.0576171875 0.14587892049598833
8 0.166015625 0.6032093362509118 0.078125 0.1473377097009482
7 0.170654296875 0.3639679066374909 0.07861328125 0.2013129102844639
11 0.205078125 0.056528081692195475 0.0654296875 0.11305616338439095
11 0.25537109375 0.7417943107221007 0.076171875 0.13858497447118892
9 0.2626953125 0.6159737417943107 0.05859375 0.11597374179431072
9 0.4384765625 0.3016046681254559 0.0537109375 0.10722100656455143
9 0.28466796875 0.056528081692195475 0.0478515625 0.10722100656455143
9 0.28662109375 0.2210065645514223 0.052734375 0.09919766593727207
9 0.451416015625 0.7341356673960613 0.06298828125 0.12035010940919037