5 0.290625 0.8329861111111111 0.04296875 0.1423611111111111
2 0.36953125 0.7760416666666666 0.04140625 0.1326388888888889
0 0.4330078125 0.7090277777777778 0.037109375 0.15416666666666667
5 0.716015625 0.5423611111111111 0.0421875 0.1125
6 0.2576171875 0.23923611111111112 0.029296875 0.1423611111111111
8 0.205859375 0.27152777777777776 0.03203125 0.12222222222222222
3 0.27265625 0.7284722222222222 0.034375 0.10972222222222222
3 0.45703125 0.6038194444444445 0.03203125 0.10208333333333333
6 0.4078125 0.18784722222222222 0.02578125 0.13402777777777777
7 0.3095703125 0.19652777777777777 0.035546875 0.19583333333333333
9 0.337109375 0.30277777777777776 0.03359375 0.09722222222222222
9 0.475 0.234375 0.0328125 0.09513888888888888
9 0.16484375 0.36215277777777777 0.03828125 0.09930555555555555
9 0.383203125 0.2708333333333333 0.03203125 0.09583333333333334
3 0.3484375 0.6729166666666667 0.0328125 0.10277777777777777
3 0.6267578125 0.5114583333333333 0.030859375 0.09236111111111112
3 0.521484375 0.5704861111111111 0.0265625 0.09513888888888888
9 0.2267578125 0.3440972222222222 0.036328125 0.10069444444444445
9 0.4294921875 0.25277777777777777 0.033203125 0.10277777777777777
4 0.4970703125 0.6618055555555555 0.050390625 0.18888888888888888
9 0.2802734375 0.32048611111111114 0.036328125 0.10347222222222222
9 0.51875 0.20798611111111112 0.03359375 0.09236111111111112
10 0.3611328125 0.19131944444444443 0.032421875 0.16875
2 0.6625 0.5645833333333333 0.046875 0.12083333333333333
1 0.554296875 0.6003472222222223 0.04375 0.21319444444444444
3 0.6791015625 0.4888888888888889 0.033203125 0.10833333333333334
3 0.4015625 0.6451388888888889 0.03203125 0.10277777777777777
3 0.580078125 0.5409722222222222 0.025 0.09166666666666666
11 0.1466796875 0.2947916666666667 0.032421875 0.11597222222222223
0 0.60859375 0.5854166666666667 0.04296875 0.14722222222222223
11 0.49140625 0.15555555555555556 0.02734375 0.10555555555555556
8 0.44976171875000004 0.17181944444444444 0.0360234375 0.10149999999999999