0 0.643359375 0.6190972222222222 0.0390625 0.14375
2 0.391015625 0.7809027777777777 0.0421875 0.13958333333333334
5 0.7580078125 0.5826388888888889 0.042578125 0.11666666666666667
6 0.3177734375 0.24965277777777778 0.031640625 0.13541666666666666
4 0.523046875 0.6847222222222222 0.05 0.19027777777777777
3 0.4318359375 0.6569444444444444 0.030859375 0.10138888888888889
3 0.5546875 0.5965277777777778 0.02734375 0.09861111111111111
8 0.2658203125 0.2809027777777778 0.032421875 0.12152777777777778
7 0.3666015625 0.2111111111111111 0.031640625 0.18888888888888888
3 0.72578125 0.5138888888888888 0.0359375 0.09861111111111111
11 0.210546875 0.30277777777777776 0.0390625 0.1125
3 0.4923828125 0.6225694444444444 0.033203125 0.10069444444444445
9 0.5751953125 0.22847222222222222 0.035546875 0.09305555555555556
3 0.6689453125 0.5423611111111111 0.028515625 0.09305555555555556
9 0.529296875 0.25381944444444443 0.0328125 0.09236111111111112
6 0.4638671875 0.203125 0.028515625 0.13819444444444445
0 0.4580078125 0.7243055555555555 0.037890625 0.15694444444444444
9 0.3341796875 0.33229166666666665 0.033203125 0.09791666666666667
9 0.222265625 0.36736111111111114 0.0421875 0.09444444444444444
8 0.506640625 0.19027777777777777 0.028125 0.10972222222222222
9 0.282421875 0.3527777777777778 0.03671875 0.09583333333333334
9 0.4833984375 0.27569444444444446 0.031640625 0.09444444444444444
10 0.4171875 0.20625 0.03125 0.1638888888888889
3 0.6177734375 0.5708333333333333 0.026171875 0.08888888888888889
9 0.3892578125 0.315625 0.033984375 0.09236111111111112
5 0.313671875 0.8350694444444444 0.04375 0.13680555555555557
3 0.3029296875 0.7309027777777778 0.035546875 0.10625
2 0.7 0.6006944444444444 0.04921875 0.12777777777777777
11 0.5498046875 0.17395833333333333 0.030078125 0.1076388888888889
9 0.43671875 0.2861111111111111 0.03125 0.09444444444444444
3 0.3791015625 0.6840277777777778 0.033203125 0.10555555555555556
1 0.5872499999999999 0.6343680555555555 0.057921875 0.22154166666666666