5 0.2654296875 0.38472222222222224 0.061328125 0.10416666666666667
5 0.8298828125 0.4618055555555556 0.061328125 0.11666666666666667
3 0.3267578125 0.5350694444444445 0.047265625 0.08402777777777778
3 0.248828125 0.515625 0.05 0.0798611111111111
3 0.3982421875 0.5461805555555556 0.044921875 0.08402777777777778
2 0.736328125 0.4409722222222222 0.0484375 0.11805555555555555
1 0.486328125 0.41215277777777776 0.05859375 0.16875
3 0.4779296875 0.5694444444444444 0.038671875 0.08055555555555556
3 0.814453125 0.6239583333333333 0.04296875 0.08541666666666667
3 0.7107421875 0.6211805555555555 0.042578125 0.08680555555555555
2 0.3353515625 0.40381944444444445 0.062890625 0.12430555555555556
0 0.409375 0.41805555555555557 0.0546875 0.11527777777777778
3 0.6421875 0.6013888888888889 0.03671875 0.07777777777777778
3 0.5609375 0.5930555555555556 0.03984375 0.08888888888888889
0 0.6486328125 0.44583333333333336 0.038671875 0.125
4 0.5705078125 0.4149305555555556 0.057421875 0.15486111111111112