3 0.3080078125 0.6697916666666667 0.041015625 0.12013888888888889
3 0.540625 0.5395833333333333 0.03671875 0.1125
11 0.248046875 0.3642361111111111 0.0453125 0.14652777777777778
5 0.241796875 0.7996527777777778 0.05546875 0.16319444444444445
5 0.4923828125 0.6774305555555555 0.044140625 0.15069444444444444
9 0.4412109375 0.49756944444444445 0.041015625 0.11736111111111111
9 0.2150390625 0.5854166666666667 0.046484375 0.12083333333333333
6 0.3833984375 0.30486111111111114 0.037109375 0.1736111111111111
8 0.1892578125 0.4809027777777778 0.051171875 0.15486111111111112
4 0.44140625 0.8177083333333334 0.065625 0.23125
6 0.56640625 0.24479166666666666 0.04140625 0.1673611111111111
7 0.107421875 0.4666666666666667 0.0765625 0.2652777777777778
11 0.5341796875 0.3611111111111111 0.041015625 0.14166666666666666
8 0.4583984375 0.30243055555555554 0.041015625 0.14375
10 0.3369140625 0.4027777777777778 0.054296875 0.22083333333333333
2 0.4771484375 0.37604166666666666 0.037109375 0.13819444444444445
1 0.681640625 0.6729166666666667 0.07109375 0.24583333333333332
2 0.12664843750000002 0.7223541666666667 0.07873828125 0.18375694444444446