5 0.2541015625 0.34965277777777776 0.060546875 0.09652777777777778
3 0.3171875 0.5048611111111111 0.0453125 0.07083333333333333
1 0.47265625 0.39166666666666666 0.0578125 0.1388888888888889
0 0.39765625 0.39340277777777777 0.053125 0.09930555555555555
3 0.4658203125 0.5395833333333333 0.037109375 0.06944444444444445
2 0.325390625 0.3763888888888889 0.05859375 0.10416666666666667
3 0.3875 0.5184027777777778 0.0453125 0.07291666666666667
3 0.239453125 0.48541666666666666 0.0515625 0.07083333333333333
5 0.810546875 0.4388888888888889 0.05703125 0.10138888888888889
2 0.7173828125 0.4184027777777778 0.048828125 0.1076388888888889
3 0.7904296875 0.596875 0.040234375 0.07152777777777777
3 0.546484375 0.5645833333333333 0.0375 0.075
3 0.691015625 0.5930555555555556 0.03828125 0.075
3 0.624609375 0.5725694444444445 0.0375 0.06875
0 0.6310546875 0.42430555555555555 0.037109375 0.10555555555555556
4 0.555078125 0.38958333333333334 0.0609375 0.1388888888888889