4 0.783447265625 0.29576951130561635 0.07373046875 0.16411378555798686
1 0.788818359375 0.36980306345733044 0.07373046875 0.18964259664478483
5 0.8388671875 0.7341356673960613 0.07421875 0.13202042304886943
5 0.7392578125 0.06673960612691467 0.0439453125 0.10867979576951131
0 0.75390625 0.2111597374179431 0.046875 0.1349380014587892
0 0.70947265625 0.6141502552881108 0.060546875 0.13566739606126915
3 0.65966796875 0.05981035740335521 0.0419921875 0.0962800875273523
3 0.6767578125 0.22939460247994164 0.0400390625 0.09846827133479212
3 0.665283203125 0.14514952589350838 0.03955078125 0.09482129832239242
3 0.710693359375 0.5061998541210795 0.05224609375 0.09482129832239242
3 0.69775390625 0.40007293946024797 0.04296875 0.10284463894967177
3 0.64404296875 0.7392414296134209 0.0478515625 0.10430342815463166
3 0.6181640625 0.6174325309992706 0.05078125 0.10867979576951131
3 0.51708984375 0.29978118161925604 0.0439453125 0.09919766593727207
2 0.58935546875 0.13092633114514954 0.05078125 0.1261852662290299
2 0.444091796875 0.3887673231218089 0.05517578125 0.1415025528811087
10 0.1884765625 0.274981765134938 0.060546875 0.16776075857038658
7 0.173095703125 0.36032093362509116 0.06396484375 0.18672501823486506
6 0.194580078125 0.20204230488694383 0.04736328125 0.13274981765134938
6 0.16015625 0.4894237782640408 0.0546875 0.13129102844638948
8 0.364013671875 0.20167760758570386 0.04833984375 0.14077315827862874
8 0.165771484375 0.6024799416484318 0.06689453125 0.1400437636761488
11 0.25439453125 0.7407002188183808 0.0595703125 0.1349380014587892
11 0.2080078125 0.0525164113785558 0.04296875 0.1050328227571116
9 0.28515625 0.05725747629467542 0.0361328125 0.09117432530999271
9 0.285888671875 0.13603209336250913 0.03857421875 0.08825674690007294
9 0.28173828125 0.2235594456601021 0.0380859375 0.09117432530999271
9 0.276611328125 0.3070751276440554 0.04345703125 0.09773887673231219
9 0.275634765625 0.40809628008752735 0.04638671875 0.09700948212983224
9 0.264892578125 0.5091174325309993 0.04638671875 0.10065645514223195
9 0.26318359375 0.612691466083151 0.048828125 0.10357403355215171
9 0.4482421875 0.7337709700948213 0.05078125 0.11232676878191102