1 0.7685546875 0.3012399708242159 0.072265625 0.18818380743982493
4 0.790771484375 0.4033552151714077 0.07275390625 0.16776075857038658
2 0.815185546875 0.5401167031363968 0.06884765625 0.12472647702407003
2 0.7666015625 0.24580598103574033 0.0634765625 0.11962071480671042
0 0.82275390625 0.6546316557257477 0.0654296875 0.13931436907366884
0 0.7412109375 0.1549963530269876 0.0498046875 0.13785557986870897
5 0.7265625 0.08351568198395332 0.0537109375 0.11451495258935084
5 0.84814453125 0.7848285922684172 0.078125 0.13274981765134938
3 0.7431640625 0.7855579868708972 0.056640625 0.10795040116703136
3 0.723876953125 0.6455142231947484 0.05322265625 0.10795040116703136
3 0.69970703125 0.5448577680525164 0.05078125 0.10211524434719182
3 0.696533203125 0.4299781181619256 0.04833984375 0.099927060539752
3 0.677734375 0.3435448577680525 0.0556640625 0.10065645514223195
3 0.67578125 0.2684172137126185 0.0478515625 0.10065645514223195
3 0.654052734375 0.17797228300510576 0.04638671875 0.09773887673231219
3 0.653076171875 0.08971553610503283 0.04150390625 0.10065645514223195
10 0.1767578125 0.3267687819110139 0.068359375 0.17359591539022612
7 0.160888671875 0.40700218818380746 0.07470703125 0.19401896425966447
8 0.169677734375 0.24580598103574033 0.06005859375 0.12107950401167031
8 0.157470703125 0.5437636761487965 0.07763671875 0.1363967906637491
6 0.184814453125 0.1462436177972283 0.05908203125 0.1422319474835886
6 0.139892578125 0.662290299051787 0.06787109375 0.14296134208606856
11 0.195068359375 0.09117432530999271 0.05615234375 0.11670313639679067
11 0.134033203125 0.8074398249452954 0.07666015625 0.13858497447118892
9 0.2666015625 0.09117432530999271 0.048828125 0.09919766593727207
9 0.273193359375 0.16958424507658643 0.04833984375 0.10430342815463166
9 0.26025390625 0.25565280816921954 0.05078125 0.10284463894967177
9 0.25830078125 0.3402625820568928 0.052734375 0.10138584974471189
9 0.260009765625 0.43690736688548504 0.05615234375 0.10940919037199125
9 0.239013671875 0.8026987600291758 0.06103515625 0.10867979576951131
9 0.243896484375 0.6648431801604668 0.05908203125 0.11597374179431072
9 0.4306640625 0.5576221735959154 0.052734375 0.11305616338439095