1 0.76904296875 0.30051057622173594 0.0791015625 0.20277169948942378
0 0.597412109375 0.15645514223194748 0.05322265625 0.15098468271334792
0 0.35986328125 0.5404814004376368 0.06640625 0.1487964989059081
2 0.595947265625 0.33698030634573306 0.05810546875 0.1487964989059081
2 0.443115234375 0.7811816192560175 0.08056640625 0.16192560175054704
5 0.57177734375 0.08460977388767323 0.0537109375 0.12691466083150985
5 0.52099609375 0.43690736688548504 0.0654296875 0.13858497447118892
3 0.740966796875 0.7837345003646973 0.06884765625 0.12910284463894967
3 0.682861328125 0.34172137126185265 0.05419921875 0.11013858497447118
3 0.489990234375 0.175054704595186 0.04638671875 0.10795040116703136
3 0.41943359375 0.18161925601750548 0.0556640625 0.10940919037199125
3 0.60986328125 0.5401167031363968 0.0556640625 0.11597374179431072
3 0.5439453125 0.6652078774617067 0.0634765625 0.12399708242159008
7 0.1611328125 0.4077315827862874 0.08203125 0.20860685630926332
8 0.235107421875 0.787746170678337 0.07568359375 0.16046681254558717
10 0.344482421875 0.14806710430342815 0.06201171875 0.17797228300510576
11 0.2001953125 0.08570386579139315 0.0595703125 0.12472647702407003
6 0.355224609375 0.4237782640408461 0.06298828125 0.1473377097009482
6 0.186767578125 0.15061998541210794 0.05712890625 0.14660831509846828
9 0.4111328125 0.0849744711889132 0.052734375 0.10430342815463166
9 0.2724609375 0.16958424507658643 0.05078125 0.10722100656455143
9 0.2568359375 0.337345003646973 0.0517578125 0.10867979576951131
9 0.25927734375 0.4387308533916849 0.0595703125 0.11159737417943107
9 0.2490234375 0.6659372720641867 0.06640625 0.11962071480671042