11 0.3134765625 0.5795138888888889 0.048828125 0.09097222222222222
6 0.433984375 0.5736111111111111 0.0453125 0.09722222222222222
3 0.7671875 0.05520833333333333 0.02734375 0.08541666666666667
11 0.7515625 0.6336805555555556 0.040625 0.09930555555555555
3 0.4353515625 0.03993055555555555 0.026171875 0.0798611111111111
3 0.653125 0.05555555555555555 0.02421875 0.08194444444444444
3 0.5404296875 0.049652777777777775 0.023828125 0.08125
3 0.596484375 0.05763888888888889 0.0234375 0.08333333333333333
3 0.6970703125 0.06319444444444444 0.026953125 0.0875
3 0.4833984375 0.04236111111111111 0.026953125 0.08333333333333333
3 0.3798828125 0.03784722222222222 0.028515625 0.07569444444444444
8 0.371875 0.5822916666666667 0.04765625 0.09930555555555555
6 0.6173828125 0.6163194444444444 0.035546875 0.10486111111111111
9 0.3884765625 0.4795138888888889 0.037109375 0.07430555555555556
9 0.6880859375 0.5163194444444444 0.030078125 0.0798611111111111
8 0.6833984375 0.621875 0.039453125 0.09513888888888888
9 0.562109375 0.49583333333333335 0.028125 0.075
10 0.4912109375 0.5854166666666667 0.053515625 0.12361111111111112
9 0.325390625 0.4826388888888889 0.0375 0.075
9 0.445703125 0.484375 0.0296875 0.07291666666666667
9 0.7537109375 0.5371527777777778 0.034765625 0.08263888888888889
9 0.4998046875 0.5034722222222222 0.033984375 0.075
9 0.6267578125 0.5118055555555555 0.032421875 0.07222222222222222
7 0.5537109375 0.5975694444444445 0.048046875 0.12569444444444444