5 0.6779296875 0.6013888888888889 0.050390625 0.12361111111111112
3 0.42265625 0.3770833333333333 0.03203125 0.10277777777777777
5 0.528515625 0.3767361111111111 0.03515625 0.12152777777777778
2 0.32890625 0.5041666666666667 0.0453125 0.12916666666666668
11 0.2908203125 0.4395833333333333 0.046484375 0.12777777777777777
9 0.4291015625 0.515625 0.038671875 0.10208333333333333
4 0.627734375 0.35694444444444445 0.0515625 0.17916666666666667
9 0.5751953125 0.7659722222222223 0.041796875 0.10555555555555556
11 0.4140625 0.8659722222222223 0.05234375 0.1361111111111111
3 0.584765625 0.5965277777777778 0.0375 0.1
2 0.6966796875 0.7725694444444444 0.058984375 0.12986111111111112
6 0.3142578125 0.6746527777777778 0.055078125 0.1451388888888889
8 0.26875 0.5739583333333333 0.0484375 0.12986111111111112
0 0.83046875 0.5121527777777778 0.05859375 0.14375
7 0.5916015625 0.915625 0.068359375 0.1673611111111111
0 0.7048828125 0.24097222222222223 0.042578125 0.14444444444444443
8 0.53203125 0.85 0.0484375 0.14166666666666666
10 0.4294921875 0.6586805555555556 0.055078125 0.18263888888888888
6 0.180859375 0.4284722222222222 0.06015625 0.1527777777777778
1 0.48842968750000004 0.17270833333333332 0.06024609374999999 0.2282013888888889