5 0.294921875 0.24166666666666667 0.03828125 0.10277777777777777
5 0.7076171875 0.28368055555555555 0.036328125 0.11041666666666666
6 0.303125 0.9569444444444445 0.05546875 0.08333333333333333
3 0.621875 0.3861111111111111 0.028125 0.09166666666666666
3 0.33828125 0.33958333333333335 0.028125 0.08472222222222223
3 0.697265625 0.38472222222222224 0.028125 0.08611111111111111
3 0.3912109375 0.34618055555555555 0.028515625 0.08680555555555555
2 0.3494140625 0.25381944444444443 0.037890625 0.11597222222222223
3 0.4515625 0.359375 0.028125 0.08541666666666667
3 0.5119140625 0.37256944444444445 0.026171875 0.08958333333333333
11 0.1580078125 0.9586805555555555 0.062109375 0.0798611111111111
3 0.27734375 0.3284722222222222 0.0328125 0.08333333333333333
3 0.573046875 0.37430555555555556 0.0265625 0.0875
9 0.3896484375 0.8836805555555556 0.041015625 0.08819444444444445
9 0.465234375 0.8774305555555556 0.03828125 0.08958333333333333
9 0.255078125 0.8451388888888889 0.0484375 0.08888888888888889
2 0.6408203125 0.26805555555555555 0.033984375 0.12083333333333333
9 0.5416015625 0.9020833333333333 0.040234375 0.08888888888888889
9 0.69140625 0.9482638888888889 0.0453125 0.09652777777777778
9 0.32578125 0.8569444444444444 0.04140625 0.08472222222222223
0 0.4041015625 0.2548611111111111 0.036328125 0.12638888888888888
9 0.6142578125 0.9159722222222222 0.041015625 0.09305555555555556
10 0.3650390625 0.9586805555555555 0.049609375 0.0798611111111111
1 0.460546875 0.24027777777777778 0.03671875 0.175
8 0.2248046875 0.959375 0.057421875 0.0798611111111111
0 0.5771484375 0.27291666666666664 0.028515625 0.1361111111111111
4 0.5205078125 0.24583333333333332 0.036328125 0.15694444444444444
9 0.1810546875 0.8454861111111112 0.051171875 0.08819444444444445
7 0.44145703125 0.9654513888888889 0.0508828125 0.06909722222222223