9 0.3860859375 0.5929652777777777 0.06484375 0.20362500000000003
9 0.11109765625000001 0.6348055555555555 0.0833125 0.216875
9 0.2549296875 0.6234305555555556 0.07436328125 0.21865277777777778
9 0.63779296875 0.5285555555555556 0.06123046875 0.19350694444444444
9 0.52119140625 0.5762152777777778 0.059476562499999996 0.19897222222222222
9 0.74560546875 0.5207430555555556 0.06088281250000001 0.20142361111111112
9 0.86083984375 0.4921875 0.0673203125 0.1796875
9 0.96337890625 0.45443055555555556 0.0699453125 0.17318055555555556
11 0.8927734375 0.32127083333333334 0.085875 0.20618750000000002
8 0.7978515625 0.3352847222222222 0.0654921875 0.22504166666666667
6 0.70751953125 0.34852777777777777 0.0719609375 0.27843055555555557
7 0.4892578125 0.3190138888888889 0.070921875 0.40082638888888894
6 0.37329296875 0.38606944444444447 0.059539062499999997 0.2953541666666667
11 0.11419531249999999 0.4644097222222222 0.0797734375 0.24739583333333334
8 0.24658203125 0.43163888888888885 0.07055859375 0.2515208333333333
10 0.60276953125 0.3341875 0.09030078124999999 0.3656041666666667