4 0.13701923076923078 0.21875 0.21153846153846154 0.21875 0.21153846153846154 0.38221153846153844 0.13701923076923078 0.38221153846153844
1 0.12740384615384615 0.27884615384615385 0.2091346153846154 0.27884615384615385 0.2091346153846154 0.47596153846153844 0.12740384615384615 0.47596153846153844
0 0.11057692307692307 0.43990384615384615 0.17307692307692307 0.43990384615384615 0.17307692307692307 0.5769230769230769 0.11057692307692307 0.5769230769230769
0 0.18028846153846154 0.1466346153846154 0.23317307692307693 0.1466346153846154 0.23317307692307693 0.27884615384615385 0.18028846153846154 0.27884615384615385
2 0.1875 0.07692307692307693 0.25 0.07692307692307693 0.25 0.19230769230769232 0.1875 0.19230769230769232
2 0.08173076923076923 0.5721153846153846 0.16105769230769232 0.5721153846153846 0.16105769230769232 0.6971153846153846 0.08173076923076923 0.6971153846153846
5 0.1971153846153846 0.004807692307692308 0.24759615384615385 0.004807692307692308 0.24759615384615385 0.11298076923076923 0.1971153846153846 0.11298076923076923
5 0.0673076923076923 0.6947115384615384 0.14182692307692307 0.6947115384615384 0.14182692307692307 0.8293269230769231 0.0673076923076923 0.8293269230769231
3 0.18028846153846154 0.7091346153846154 0.23798076923076922 0.7091346153846154 0.23798076923076922 0.8173076923076923 0.18028846153846154 0.8173076923076923
3 0.20192307692307693 0.5817307692307693 0.2548076923076923 0.5817307692307693 0.2548076923076923 0.6875 0.20192307692307693 0.6875
3 0.22115384615384615 0.4735576923076923 0.2692307692307692 0.4735576923076923 0.2692307692307692 0.5745192307692307 0.22115384615384615 0.5745192307692307
3 0.23557692307692307 0.3629807692307692 0.28365384615384615 0.3629807692307692 0.28365384615384615 0.46634615384615385 0.23557692307692307 0.46634615384615385
3 0.25 0.2644230769230769 0.3004807692307692 0.2644230769230769 0.3004807692307692 0.3629807692307692 0.25 0.3629807692307692
3 0.2668269230769231 0.17548076923076922 0.31009615384615385 0.17548076923076922 0.31009615384615385 0.27884615384615385 0.2668269230769231 0.27884615384615385
3 0.27884615384615385 0.09615384615384616 0.3245192307692308 0.09615384615384616 0.3245192307692308 0.18990384615384615 0.27884615384615385 0.18990384615384615
3 0.2860576923076923 0.007211538461538462 0.3293269230769231 0.007211538461538462 0.3293269230769231 0.10576923076923077 0.2860576923076923 0.10576923076923077
10 0.7596153846153846 0.1875 0.8293269230769231 0.1875 0.8293269230769231 0.3629807692307692 0.7596153846153846 0.3629807692307692
7 0.7716346153846154 0.2644230769230769 0.84375 0.2644230769230769 0.84375 0.46634615384615385 0.7716346153846154 0.46634615384615385
6 0.7668269230769231 0.12980769230769232 0.8197115384615384 0.12980769230769232 0.8197115384615384 0.2668269230769231 0.7668269230769231 0.2668269230769231
6 0.7884615384615384 0.4254807692307692 0.8509615384615384 0.4254807692307692 0.8509615384615384 0.5649038461538461 0.7884615384615384 0.5649038461538461
8 0.75 0.05048076923076923 0.8052884615384616 0.05048076923076923 0.8052884615384616 0.18269230769230768 0.75 0.18269230769230768
8 0.7740384615384616 0.5408653846153846 0.8461538461538461 0.5408653846153846 0.8461538461538461 0.6899038461538461 0.7740384615384616 0.6899038461538461
11 0.7980769230769231 0.6947115384615384 0.8677884615384616 0.6947115384615384 0.8677884615384616 0.8365384615384616 0.7980769230769231 0.8365384615384616
11 0.7548076923076923 0 0.8052884615384616 0 0.8052884615384616 0.09134615384615384 0.7548076923076923 0.09134615384615384
9 0.6778846153846154 0 0.7211538461538461 0 0.7211538461538461 0.09375 0.6778846153846154 0.09375
9 0.6754807692307693 0.08173076923076923 0.7235576923076923 0.08173076923076923 0.7235576923076923 0.17548076923076922 0.6754807692307693 0.17548076923076922
9 0.6778846153846154 0.16826923076923078 0.7235576923076923 0.16826923076923078 0.7235576923076923 0.27163461538461536 0.6778846153846154 0.27163461538461536
9 0.6778846153846154 0.2548076923076923 0.7307692307692307 0.2548076923076923 0.7307692307692307 0.3605769230769231 0.6778846153846154 0.3605769230769231
9 0.6754807692307693 0.3629807692307692 0.7259615384615384 0.3629807692307692 0.7259615384615384 0.46634615384615385 0.6754807692307693 0.46634615384615385
9 0.6826923076923077 0.46875 0.7427884615384616 0.46875 0.7427884615384616 0.5793269230769231 0.6826923076923077 0.5793269230769231
9 0.6802884615384616 0.5745192307692307 0.7355769230769231 0.5745192307692307 0.7355769230769231 0.6875 0.6802884615384616 0.6875
9 0.6899038461538461 0.7067307692307693 0.75 0.7067307692307693 0.75 0.8149038461538461 0.6899038461538461 0.8149038461538461