5 0.240234375 0.6934027777777778 0.0484375 0.14375
5 0.748046875 0.5489583333333333 0.04296875 0.13125
4 0.4662109375 0.5892361111111111 0.054296875 0.21041666666666667
3 0.2525390625 0.5975694444444445 0.035546875 0.10902777777777778
3 0.3361328125 0.5711805555555556 0.033203125 0.10486111111111111
3 0.726953125 0.4809027777777778 0.034375 0.10625
3 0.6556640625 0.496875 0.032421875 0.10208333333333333
2 0.678125 0.5510416666666667 0.04609375 0.1451388888888889
9 0.6232421875 0.18888888888888888 0.033203125 0.09583333333333334
9 0.3615234375 0.25590277777777776 0.034765625 0.10069444444444445
9 0.469921875 0.22708333333333333 0.0328125 0.09722222222222222
1 0.5361328125 0.5489583333333333 0.052734375 0.23680555555555555
9 0.5708984375 0.209375 0.033203125 0.09375
9 0.417578125 0.246875 0.03359375 0.09652777777777778
2 0.322265625 0.6635416666666667 0.04609375 0.14097222222222222
9 0.3076171875 0.2673611111111111 0.035546875 0.09722222222222222
0 0.6080078125 0.55 0.039453125 0.1736111111111111
11 0.6041015625 0.13645833333333332 0.029296875 0.11041666666666666
3 0.59375 0.5107638888888889 0.02734375 0.10347222222222222
6 0.5072265625 0.14479166666666668 0.026171875 0.12569444444444444
11 0.2498046875 0.2159861111111111 0.035546875 0.11252777777777777
7 0.4056640625 0.14201388888888888 0.036328125 0.19236111111111112
8 0.3037109375 0.20104166666666667 0.036328125 0.11875
10 0.4580078125 0.13680555555555557 0.034765625 0.15555555555555556
6 0.355859375 0.1763888888888889 0.03203125 0.13194444444444445
0 0.394921875 0.6177013888888889 0.04609375 0.1659861111111111
8 0.5558085937499999 0.14613194444444444 0.03096484375 0.11120833333333333
9 0.25133984374999996 0.2789027777777778 0.042238281249999995 0.09913888888888889
9 0.51811328125 0.22041666666666665 0.03212890625 0.10153472222222223