4 0.597900390625 0.29029905178701676 0.06982421875 0.1765134938001459
1 0.805908203125 0.48212983223924144 0.08349609375 0.20568927789934355
5 0.836669921875 0.7312180889861415 0.08056640625 0.14660831509846828
3 0.696533203125 0.4051787016776076 0.05029296875 0.11159737417943107
3 0.675048828125 0.2275711159737418 0.05322265625 0.09919766593727207
3 0.662109375 0.1447848285922684 0.046875 0.099927060539752
3 0.52001953125 0.06710430342815463 0.044921875 0.09773887673231219
3 0.51513671875 0.30196936542669583 0.05078125 0.1137855579868709
3 0.623779296875 0.5032822757111597 0.05908203125 0.11816192560175055
2 0.4404296875 0.39314369073668853 0.0634765625 0.13712618526622902
11 0.20654296875 0.055433989788475566 0.060546875 0.11086797957695113
11 0.255615234375 0.7439824945295405 0.06591796875 0.13712618526622902
7 0.2666015625 0.3690736688548505 0.0751953125 0.19839533187454414
8 0.508544921875 0.13712618526622902 0.05419921875 0.14296134208606856
8 0.166015625 0.6028446389496718 0.076171875 0.1436907366885485
6 0.441162109375 0.6024799416484318 0.06103515625 0.13858497447118892
10 0.363037109375 0.2913931436907367 0.06298828125 0.1772428884026258
9 0.434814453125 0.30196936542669583 0.05029296875 0.10357403355215171
9 0.284423828125 0.05689277899343545 0.05322265625 0.10649161196207148
9 0.285888671875 0.21699489423778265 0.05029296875 0.10576221735959154
9 0.260498046875 0.6163384390955506 0.05908203125 0.1137855579868709
9 0.44677734375 0.737417943107221 0.0625 0.11524434719183078