9 0.273681640625 0.1688548504741065 0.04052734375 0.09117432530999271
3 0.682861328125 0.3439095550692925 0.04248046875 0.09846827133479212
1 0.771240234375 0.29686360320933625 0.07080078125 0.20423048869438365
3 0.51171875 0.2592997811816193 0.0419921875 0.08971553610503283
9 0.269287109375 0.10029175784099198 0.05322265625 0.10284463894967177
3 0.57470703125 0.17541940189642596 0.0478515625 0.09700948212983224
0 0.7353515625 0.16046681254558717 0.0546875 0.12691466083150985
10 0.275634765625 0.21043034281546316 0.06982421875 0.1276440554339898
9 0.271484375 0.3307804522246535 0.056640625 0.12326768781911014
3 0.65625 0.0962800875273523 0.0419921875 0.08898614150255288
9 0.4140625 0.24835886214442013 0.044921875 0.10576221735959154
7 0.160400390625 0.4084609773887673 0.06982421875 0.17943107221006566
6 0.187744140625 0.16557257476294676 0.06494140625 0.1487964989059081
2 0.51416015625 0.3424507658643326 0.0615234375 0.1261852662290299
11 0.1923828125 0.10284463894967177 0.0654296875 0.14587892049598833
9 0.434814453125 0.5568927789934355 0.05908203125 0.11013858497447118
2 0.6005859375 0.3307804522246535 0.05859375 0.13931436907366884
4 0.709228515625 0.4259664478482859 0.07177734375 0.15463165572574764
3 0.549072265625 0.6564551422319475 0.05712890625 0.1050328227571116
9 0.2490234375 0.6652078774617067 0.05078125 0.10357403355215171
5 0.719970703125 0.08570386579139315 0.05224609375 0.09846827133479212
3 0.599365234375 0.5433989788475565 0.05322265625 0.11524434719183078
5 0.848876953125 0.7782640408460978 0.07177734375 0.14296134208606856
6 0.135498046875 0.6582786287381474 0.06982421875 0.14077315827862874
2 0.8134765625 0.5401167031363968 0.080078125 0.12326768781911014
8 0.156982421875 0.5433989788475565 0.07080078125 0.14587892049598833
8 0.3486328125 0.3264040846097739 0.060546875 0.14077315827862874
9 0.26123046875 0.4270605397520058 0.0615234375 0.1261852662290299
3 0.528564453125 0.45295404814004375 0.05419921875 0.11086797957695113
9 0.440185546875 0.7804522246535376 0.06201171875 0.11816192560175055
11 0.348876953125 0.7793581327498177 0.06884765625 0.1436907366885485
3 0.74609375 0.7764405543398979 0.0546875 0.11305616338439095