8 0.23486328125 0.7899343544857768 0.078125 0.1473377097009482
8 0.35009765625 0.3223924142961342 0.060546875 0.13858497447118892
11 0.195556640625 0.08971553610503283 0.06201171875 0.12399708242159008
7 0.158935546875 0.40955506929248725 0.08447265625 0.20787746170678337
6 0.186767578125 0.14916119620714807 0.06201171875 0.14514952589350838
6 0.353759765625 0.4234135667396061 0.06494140625 0.14077315827862874
10 0.3427734375 0.1487964989059081 0.0673828125 0.17213712618526622
9 0.41162109375 0.08533916849015317 0.0546875 0.10357403355215171
9 0.4130859375 0.24653537563822028 0.0537109375 0.11232676878191102
9 0.270751953125 0.16703136396790663 0.05029296875 0.11816192560175055
9 0.258056640625 0.3413566739606127 0.05126953125 0.11232676878191102
9 0.259033203125 0.43471918307804525 0.06103515625 0.10940919037199125
9 0.249267578125 0.6666666666666666 0.05908203125 0.11232676878191102
0 0.594970703125 0.1586433260393873 0.05419921875 0.14806710430342815
0 0.3603515625 0.5364697301239971 0.064453125 0.14952589350838805
2 0.63623046875 0.6568198395331875 0.0693359375 0.1539022611232677
2 0.5966796875 0.33442742523705327 0.060546875 0.15098468271334792
4 0.52197265625 0.4274252370532458 0.0673828125 0.18672501823486506
1 0.768798828125 0.29576951130561635 0.07861328125 0.20058351568198396
5 0.7890625 0.43326039387308535 0.0673828125 0.13566739606126915
5 0.573486328125 0.08315098468271334 0.05712890625 0.12691466083150985
3 0.489013671875 0.17177242888402625 0.04541015625 0.10138584974471189
3 0.513916015625 0.2636761487964989 0.05029296875 0.10430342815463166
3 0.74267578125 0.7844638949671773 0.0634765625 0.11597374179431072
3 0.68359375 0.3424507658643326 0.0498046875 0.10576221735959154
3 0.607421875 0.5379285193289569 0.052734375 0.11159737417943107
3 0.543701171875 0.6670313639679066 0.05810546875 0.11889132020423049