3 0.70647265625 0.4066111111111111 0.04576171875 0.10072222222222221
3 0.6298828125 0.40082638888888894 0.02661328125 0.0871875
3 0.517578125 0.38411805555555556 0.025957031250000002 0.08669444444444445
3 0.39453125 0.3585069444444444 0.0290390625 0.08620833333333333
3 0.33935546875 0.34874305555555557 0.030152343749999998 0.08354861111111112
3 0.45483593750000006 0.37131250000000005 0.0251328125 0.08338888888888889
3 0.278078125 0.3385416666666667 0.0328359375 0.082625
5 0.29712109375 0.25130555555555556 0.038820312499999995 0.10470833333333333
2 0.3515625 0.2673611111111111 0.0394296875 0.11620833333333333
0 0.40747265625000006 0.2658402777777778 0.0361640625 0.13031944444444443
5 0.71826171875 0.29969444444444443 0.03628515625 0.1155625
2 0.6474609375 0.2849375 0.0328984375 0.12206944444444444
0 0.583984375 0.28515972222222224 0.030152343749999998 0.13096527777777778
4 0.525390625 0.2586805555555556 0.0364375 0.16308333333333333
1 0.46508984375000006 0.2510833333333333 0.03726171875 0.17773611111111112
3 0.57763671875 0.38910416666666664 0.02493359375 0.08338888888888889
9 0.5439453125 0.9314236111111112 0.03308203125 0.0876736111111111
9 0.46606640625000006 0.9027777777777778 0.0321640625 0.0843125
9 0.32421875 0.8793402777777778 0.03948828125 0.0818125
9 0.3876953125 0.9097222222222222 0.0380234375 0.08897916666666666
9 0.24816796874999997 0.8667569444444445 0.039703125 0.08495833333333333
9 0.1735859375 0.8641527777777779 0.046203125 0.0876736111111111
9 0.619140625 0.9470486111111112 0.03332421875 0.08913888888888889
9 0.69921875 0.9678819444444444 0.0373828125 0.06402083333333333