5 0.4578125 0.8888888888888888 0.040625 0.1527777777777778
5 0.7498046875 0.46319444444444446 0.035546875 0.11527777777777778
2 0.5169921875 0.8006944444444445 0.043359375 0.14305555555555555
0 0.5591796875 0.7107638888888889 0.035546875 0.16180555555555556
11 0.158203125 0.4947916666666667 0.04140625 0.12013888888888889
3 0.4623046875 0.7277777777777777 0.033984375 0.10833333333333334
6 0.25625 0.3888888888888889 0.034375 0.14583333333333334
10 0.344921875 0.3125 0.0390625 0.17916666666666667
9 0.3810546875 0.3746527777777778 0.033203125 0.09513888888888888
8 0.417578125 0.26666666666666666 0.0265625 0.10972222222222222
9 0.2958984375 0.4597222222222222 0.036328125 0.1
9 0.4876953125 0.27395833333333336 0.029296875 0.08819444444444445
3 0.589453125 0.5673611111111111 0.02734375 0.09583333333333334
9 0.419921875 0.340625 0.0359375 0.10347222222222222
9 0.4564453125 0.3107638888888889 0.030859375 0.09097222222222222
9 0.192578125 0.5451388888888888 0.040625 0.10138888888888889
3 0.5046875 0.6795138888888889 0.03125 0.10902777777777778
7 0.3 0.33055555555555555 0.04140625 0.19027777777777777
3 0.5439453125 0.6197916666666666 0.030859375 0.10208333333333333
9 0.344921875 0.4222222222222222 0.03671875 0.09027777777777778
9 0.2498046875 0.503125 0.036328125 0.09791666666666667
4 0.604296875 0.6388888888888888 0.05078125 0.20555555555555555
11 0.449609375 0.23819444444444443 0.02734375 0.10138888888888889
3 0.6658203125 0.475 0.030859375 0.09027777777777778
3 0.699609375 0.4340277777777778 0.034375 0.10138888888888889
3 0.4083984375 0.8118055555555556 0.037109375 0.11944444444444445
0 0.6767578125 0.5368055555555555 0.035546875 0.1486111111111111
8 0.2140625 0.44375 0.0375 0.12638888888888888
2 0.70859375 0.5027777777777778 0.03671875 0.11944444444444445
6 0.3869140625 0.29305555555555557 0.028515625 0.1361111111111111
1 0.640625 0.5673611111111111 0.05 0.20972222222222223