1 0.77197265625 0.29795769511305614 0.0712890625 0.19183078045222465
4 0.70458984375 0.4208606856309263 0.068359375 0.17797228300510576
5 0.845947265625 0.7822757111597374 0.07763671875 0.13347921225382933
5 0.733154296875 0.08460977388767323 0.05712890625 0.11816192560175055
0 0.35791015625 0.5404814004376368 0.0634765625 0.14296134208606856
0 0.650634765625 0.07913931436907366 0.05224609375 0.14077315827862874
2 0.60546875 0.3424507658643326 0.056640625 0.1422319474835886
2 0.646240234375 0.6608315098468271 0.06591796875 0.13420860685630925
3 0.59716796875 0.5459518599562363 0.05859375 0.11451495258935084
3 0.7392578125 0.7848285922684172 0.0615234375 0.11232676878191102
3 0.682373046875 0.3460977388767323 0.04345703125 0.10722100656455143
3 0.57666015625 0.17797228300510576 0.0419921875 0.10649161196207148
3 0.507080078125 0.09117432530999271 0.04736328125 0.10357403355215171
3 0.514892578125 0.2636761487964989 0.04638671875 0.11013858497447118
3 0.3544921875 0.4522246535375638 0.0458984375 0.1050328227571116
3 0.54296875 0.6652078774617067 0.0498046875 0.1137855579868709
11 0.1962890625 0.08971553610503283 0.05078125 0.11670313639679067
11 0.34521484375 0.7782640408460978 0.064453125 0.14296134208606856
10 0.2744140625 0.22173595915390226 0.0673828125 0.16776075857038658
7 0.1611328125 0.4062727935813275 0.072265625 0.1911013858497447
6 0.186279296875 0.15207877461706784 0.05517578125 0.13785557986870897
6 0.143310546875 0.6637490882567469 0.06787109375 0.13858497447118892
8 0.16259765625 0.5463165572574763 0.07421875 0.13274981765134938
8 0.351806640625 0.3289569657184537 0.05712890625 0.12983223924142961
9 0.41748046875 0.24507658643326038 0.0478515625 0.10795040116703136
9 0.411376953125 0.08570386579139315 0.04638671875 0.10430342815463166
9 0.27294921875 0.16666666666666666 0.0478515625 0.09846827133479212
9 0.26123046875 0.3409919766593727 0.0478515625 0.10722100656455143
9 0.24609375 0.6681254558716265 0.056640625 0.1137855579868709
9 0.25927734375 0.4361779722830051 0.0537109375 0.11232676878191102
9 0.431396484375 0.5590809628008753 0.04736328125 0.11159737417943107
9 0.445556640625 0.7921225382932167 0.05810546875 0.11670313639679067