6 0.26015625 0.4482638888888889 0.04765625 0.15763888888888888
11 0.208203125 0.6173611111111111 0.05390625 0.1388888888888889
5 0.721875 0.7434027777777777 0.046875 0.1451388888888889
8 0.2392578125 0.5302083333333333 0.049609375 0.1423611111111111
2 0.72421875 0.6274305555555556 0.0484375 0.14652777777777778
9 0.2732421875 0.6413194444444444 0.044921875 0.11458333333333333
3 0.6357421875 0.71875 0.036328125 0.11388888888888889
3 0.6572265625 0.409375 0.030859375 0.10208333333333333
9 0.3986328125 0.2611111111111111 0.034765625 0.08888888888888889
3 0.673828125 0.2423611111111111 0.0265625 0.09722222222222222
3 0.6474609375 0.48125 0.029296875 0.1125
9 0.3302734375 0.49201388888888886 0.035546875 0.09791666666666667
7 0.2830078125 0.35868055555555556 0.058203125 0.22013888888888888
9 0.308203125 0.5607638888888888 0.040625 0.10625
9 0.3609375 0.3590277777777778 0.03828125 0.10138888888888889
3 0.6447265625 0.5423611111111111 0.033984375 0.11944444444444445
3 0.634765625 0.6159722222222223 0.03515625 0.10555555555555556
3 0.66953125 0.2954861111111111 0.02890625 0.09375
11 0.3572265625 0.1951388888888889 0.036328125 0.1111111111111111
9 0.355078125 0.4201388888888889 0.034375 0.10555555555555556
9 0.3833984375 0.3107638888888889 0.033984375 0.09930555555555555
9 0.4091796875 0.20868055555555556 0.027734375 0.08958333333333333
10 0.3095703125 0.315625 0.049609375 0.18263888888888888
0 0.71875 0.5322916666666667 0.04765625 0.15486111111111112
3 0.6666015625 0.33958333333333335 0.026171875 0.08333333333333333
5 0.73528515625 0.22108333333333335 0.0431015625 0.06647222222222222
1 0.72825390625 0.31254166666666666 0.0493515625 0.10008333333333333
4 0.73235546875 0.4078263888888889 0.0606796875 0.10661805555555556
8 0.344296875 0.23669444444444443 0.0327421875 0.12130555555555556
6 0.3303359375 0.28042361111111114 0.043484375 0.1504375