5 0.466015625 0.8541666666666666 0.03828125 0.1486111111111111
8 0.2359375 0.41631944444444446 0.03515625 0.12291666666666666
5 0.7666015625 0.4461805555555556 0.035546875 0.11597222222222223
6 0.278125 0.36319444444444443 0.03515625 0.14166666666666666
2 0.525390625 0.7722222222222223 0.040625 0.1388888888888889
0 0.5681640625 0.68125 0.040234375 0.16944444444444445
11 0.1822265625 0.4625 0.040234375 0.11666666666666667
3 0.47421875 0.7 0.0328125 0.10416666666666667
8 0.43671875 0.24895833333333334 0.0265625 0.11180555555555556
7 0.32109375 0.3090277777777778 0.0390625 0.1875
3 0.4197265625 0.7774305555555555 0.036328125 0.11597222222222223
3 0.515234375 0.6517361111111111 0.03125 0.10347222222222222
3 0.5552734375 0.5996527777777778 0.031640625 0.10625
9 0.50625 0.2517361111111111 0.0296875 0.08958333333333333
9 0.2146484375 0.5128472222222222 0.041796875 0.09930555555555555
9 0.27109375 0.47430555555555554 0.03984375 0.09444444444444444
3 0.6013671875 0.5444444444444444 0.029296875 0.09583333333333334
9 0.437890625 0.3190972222222222 0.03671875 0.10208333333333333
10 0.3650390625 0.2920138888888889 0.033984375 0.17708333333333334
9 0.316015625 0.4329861111111111 0.03671875 0.09652777777777778
9 0.4744140625 0.290625 0.033203125 0.08680555555555555
3 0.6794921875 0.45416666666666666 0.030859375 0.08888888888888889
9 0.398828125 0.3503472222222222 0.03359375 0.09236111111111112
3 0.7177734375 0.41458333333333336 0.030859375 0.09861111111111111
9 0.363671875 0.3958333333333333 0.0375 0.09166666666666666
6 0.40546875 0.27152777777777776 0.02734375 0.13333333333333333
0 0.692578125 0.5135416666666667 0.04140625 0.15486111111111112
11 0.4703125 0.22118055555555555 0.028125 0.1076388888888889
1 0.6546875 0.5513888888888889 0.04765625 0.20555555555555555
4 0.616015625 0.60625 0.05 0.21805555555555556
2 0.729328125 0.4772847222222222 0.0374375 0.1433472222222222