11 0.767578125 0.5479166666666667 0.05234375 0.13194444444444445
10 0.46484375 0.47430555555555554 0.07265625 0.16111111111111112
8 0.683203125 0.5350694444444445 0.053125 0.11875
8 0.337109375 0.4684027777777778 0.06015625 0.11875
6 0.4041015625 0.45902777777777776 0.060546875 0.13333333333333333
6 0.6060546875 0.5166666666666667 0.050390625 0.14166666666666666
7 0.5306640625 0.4826388888888889 0.069140625 0.19027777777777777
9 0.5525390625 0.3892361111111111 0.042578125 0.09791666666666667
9 0.3634765625 0.36527777777777776 0.043359375 0.09305555555555556
9 0.625 0.40694444444444444 0.04140625 0.1
9 0.696875 0.4166666666666667 0.03828125 0.10555555555555556
9 0.7728515625 0.4427083333333333 0.044140625 0.10902777777777778
9 0.29765625 0.3645833333333333 0.0453125 0.09444444444444444
11 0.2771484375 0.4625 0.059765625 0.11527777777777778
9 0.4240234375 0.37395833333333334 0.037890625 0.09236111111111112
9 0.481640625 0.39618055555555554 0.0390625 0.09652777777777778