11 0.280859375 0.5211805555555555 0.053125 0.09097222222222222
6 0.4072265625 0.5024305555555556 0.047265625 0.09513888888888888
6 0.598828125 0.5277777777777778 0.03671875 0.10555555555555556
11 0.7365234375 0.5288194444444444 0.044140625 0.09652777777777778
7 0.533203125 0.5128472222222222 0.04609375 0.1326388888888889
9 0.28828125 0.41631944444444446 0.04296875 0.0798611111111111
10 0.4685546875 0.509375 0.058203125 0.12430555555555556
9 0.4728515625 0.4222222222222222 0.035546875 0.0763888888888889
9 0.3541015625 0.4076388888888889 0.039453125 0.0763888888888889
9 0.4158203125 0.4076388888888889 0.032421875 0.075
9 0.6033203125 0.41631944444444446 0.033203125 0.07708333333333334
8 0.342578125 0.5163194444444444 0.0453125 0.09930555555555555
9 0.537109375 0.4076388888888889 0.03046875 0.07916666666666666
8 0.6650390625 0.5256944444444445 0.041796875 0.09722222222222222
9 0.6677734375 0.41631944444444446 0.033984375 0.08541666666666667
9 0.7333984375 0.4305555555555556 0.037890625 0.08472222222222223