10 0.461328125 0.5197916666666667 0.05546875 0.12013888888888889
9 0.725 0.43680555555555556 0.040625 0.08611111111111111
6 0.591015625 0.5357638888888889 0.03671875 0.10208333333333333
11 0.7267578125 0.5378472222222223 0.044140625 0.10069444444444445
9 0.5275390625 0.41354166666666664 0.033984375 0.08402777777777778
9 0.6568359375 0.42291666666666666 0.034765625 0.08472222222222223
6 0.3990234375 0.5138888888888888 0.048828125 0.09305555555555556
11 0.27421875 0.5336805555555556 0.0546875 0.09791666666666667
9 0.464453125 0.4288194444444444 0.0328125 0.07430555555555556
8 0.6572265625 0.5350694444444445 0.041015625 0.09791666666666667
7 0.524609375 0.5236111111111111 0.05390625 0.12777777777777777
9 0.59453125 0.42083333333333334 0.03515625 0.08333333333333333
9 0.3458984375 0.4173611111111111 0.038671875 0.07777777777777778
9 0.405078125 0.41388888888888886 0.0328125 0.08055555555555556
8 0.336328125 0.5263888888888889 0.04765625 0.1
9 0.2794609375 0.4317708333333333 0.0530625 0.10036805555555556