8 0.452880859375 0.6469730123997083 0.06787109375 0.16046681254558717
7 0.16455078125 0.3037928519328957 0.0771484375 0.2049598832968636
10 0.344970703125 0.14587892049598833 0.06201171875 0.17797228300510576
6 0.43798828125 0.4325309992706054 0.0673828125 0.14296134208606856
11 0.424072265625 0.15827862873814733 0.06005859375 0.12545587162654998
9 0.440673828125 0.3267687819110139 0.05419921875 0.1050328227571116
9 0.273681640625 0.17031363967906638 0.06396484375 0.11451495258935084
9 0.259765625 0.33916849015317285 0.052734375 0.11086797957695113
9 0.353759765625 0.563092633114515 0.05419921875 0.12545587162654998
5 0.270263671875 0.0736688548504741 0.06201171875 0.12983223924142961
2 0.246826171875 0.6458789204959884 0.07763671875 0.1611962071480671
0 0.50830078125 0.23450036469730123 0.0498046875 0.14514952589350838
1 0.76953125 0.29978118161925604 0.0830078125 0.199854121079504
3 0.684814453125 0.3409919766593727 0.04931640625 0.11305616338439095
3 0.542236328125 0.6630196936542669 0.05224609375 0.12399708242159008
3 0.608642578125 0.5390226112326769 0.05224609375 0.11816192560175055