3 0.731640625 0.05347222222222222 0.028125 0.08888888888888889
3 0.685546875 0.04513888888888889 0.025 0.08472222222222223
3 0.570703125 0.03923611111111111 0.02578125 0.07847222222222222
3 0.803515625 0.05173611111111111 0.02734375 0.08541666666666667
11 0.769140625 0.625 0.04375 0.1111111111111111
11 0.3201171875 0.5364583333333334 0.051171875 0.10069444444444445
8 0.6951171875 0.6069444444444444 0.042578125 0.10833333333333334
3 0.6291015625 0.044444444444444446 0.025390625 0.0875
3 0.5162109375 0.035069444444444445 0.026171875 0.07013888888888889
3 0.46875 0.03229166666666667 0.025 0.06458333333333334
8 0.3759765625 0.5416666666666666 0.048828125 0.10972222222222222
6 0.440234375 0.5378472222222223 0.05078125 0.11180555555555556
6 0.6263671875 0.5947916666666667 0.038671875 0.11875
10 0.4982421875 0.553125 0.061328125 0.14097222222222222
3 0.41640625 0.028819444444444446 0.02734375 0.05763888888888889
9 0.3375 0.4420138888888889 0.04140625 0.08541666666666667
9 0.3990234375 0.4440972222222222 0.039453125 0.08541666666666667
9 0.5748046875 0.4722222222222222 0.032421875 0.08333333333333333
9 0.64140625 0.490625 0.03515625 0.08263888888888889
9 0.7041015625 0.5013888888888889 0.029296875 0.08888888888888889
9 0.455078125 0.453125 0.03203125 0.08125
9 0.509375 0.4777777777777778 0.0328125 0.08055555555555556
9 0.7740234375 0.5288194444444444 0.037890625 0.09236111111111112
7 0.5575 0.558138888888889 0.0635625 0.16884027777777777