3 0.54296875 0.5888888888888889 0.03359375 0.0763888888888889
9 0.5212890625 0.3076388888888889 0.040234375 0.09444444444444444
3 0.6017578125 0.21736111111111112 0.033203125 0.09305555555555556
0 0.7099609375 0.9690972222222223 0.052734375 0.06180555555555556
11 0.3255859375 0.4517361111111111 0.055859375 0.10902777777777778
11 0.499609375 0.07291666666666667 0.04140625 0.12222222222222222
9 0.4427734375 0.6434027777777778 0.040234375 0.0798611111111111
2 0.47578125 0.16319444444444445 0.04140625 0.10833333333333334
8 0.41484375 0.11770833333333333 0.0484375 0.11597222222222223
5 0.6517578125 0.384375 0.044921875 0.09791666666666667
7 0.3390625 0.7260416666666667 0.0734375 0.12430555555555556
5 0.581640625 0.7427083333333333 0.04140625 0.09097222222222222
10 0.4259765625 0.3784722222222222 0.062109375 0.14583333333333334
6 0.379296875 0.228125 0.04921875 0.1326388888888889
1 0.7689453125 0.17743055555555556 0.075390625 0.16597222222222222
4 0.7040390624999999 0.543423611111111 0.06496874999999999 0.1645763888888889
0 0.8524570312499999 0.6154305555555556 0.08186718750000001 0.11704861111111112
2 0.48110937500000006 0.8311944444444445 0.06903515625 0.10957638888888889
8 0.3688125 0.6229166666666667 0.055343750000000004 0.10972222222222222