3 0.509375 0.5142361111111111 0.0421875 0.12986111111111112
2 0.6220703125 0.7003472222222222 0.068359375 0.17569444444444443
3 0.3521484375 0.28541666666666665 0.033203125 0.12222222222222222
2 0.2275390625 0.3680555555555556 0.054296875 0.16527777777777777
11 0.2712890625 0.7274305555555556 0.063671875 0.18958333333333333
11 0.19375 0.3059027777777778 0.0453125 0.16041666666666668
5 0.469140625 0.30243055555555554 0.0390625 0.14930555555555555
5 0.6171875 0.5319444444444444 0.05625 0.15833333333333333
9 0.3431640625 0.40729166666666666 0.041796875 0.12986111111111112
8 0.144921875 0.41805555555555557 0.0484375 0.16944444444444445
6 0.18359375 0.5076388888888889 0.0640625 0.2111111111111111
0 0.6748046875 0.2111111111111111 0.044921875 0.1736111111111111
0 0.7984375 0.4774305555555556 0.06484375 0.1909722222222222
8 0.414453125 0.7381944444444445 0.06015625 0.19722222222222222
6 0.0796875 0.26284722222222223 0.0640625 0.20347222222222222
4 0.5794921875 0.2881944444444444 0.058984375 0.23472222222222222
7 0.4720703125 0.8055555555555556 0.076953125 0.3138888888888889
10 0.31796875 0.5104166666666666 0.06875 0.2625
1 0.44165625000000003 0.11128472222222222 0.057308593750000004 0.22256944444444443