5 0.619921875 0.3142361111111111 0.03828125 0.12569444444444444
5 0.4369140625 0.25729166666666664 0.039453125 0.12291666666666666
11 0.2455078125 0.48333333333333334 0.055078125 0.12777777777777777
6 0.339453125 0.640625 0.06015625 0.14791666666666667
3 0.54453125 0.38055555555555554 0.03203125 0.10277777777777777
9 0.391015625 0.4371527777777778 0.04140625 0.10208333333333333
2 0.3029296875 0.49895833333333334 0.050390625 0.1284722222222222
11 0.480859375 0.7048611111111112 0.053125 0.1388888888888889
3 0.34296875 0.3388888888888889 0.03984375 0.09444444444444444
8 0.26640625 0.60625 0.0578125 0.13333333333333333
2 0.6791015625 0.4184027777777778 0.039453125 0.13402777777777777
10 0.438671875 0.5319444444444444 0.06171875 0.18611111111111112
8 0.575390625 0.5975694444444445 0.0421875 0.14930555555555555
6 0.1404296875 0.559375 0.073046875 0.14652777777777778
7 0.64609375 0.5954861111111112 0.05703125 0.21736111111111112
9 0.58832421875 0.5069305555555556 0.0538203125 0.08608333333333333
0 0.7148749999999999 0.14752777777777779 0.04290625 0.16396527777777778
1 0.33883593749999996 0.11109027777777777 0.070375 0.2160138888888889
4 0.51626171875 0.17478472222222222 0.05341796875 0.1962638888888889
0 0.54428515625 0.052256944444444446 0.0422890625 0.10451388888888889