3 0.3341796875 0.5184027777777778 0.046484375 0.10208333333333333
3 0.732421875 0.5923611111111111 0.04140625 0.11805555555555555
3 0.65859375 0.56875 0.0390625 0.10277777777777777
3 0.4060546875 0.5329861111111112 0.047265625 0.1076388888888889
3 0.840234375 0.5850694444444444 0.04375 0.11180555555555556
2 0.7548828125 0.4097222222222222 0.051953125 0.14722222222222223
2 0.3505859375 0.390625 0.058984375 0.1451388888888889
3 0.48828125 0.5413194444444445 0.0390625 0.1076388888888889
3 0.255078125 0.5048611111111111 0.05078125 0.10416666666666667
3 0.57421875 0.5670138888888889 0.040625 0.11319444444444444
5 0.8513671875 0.4309027777777778 0.060546875 0.1451388888888889
5 0.280078125 0.37881944444444443 0.06328125 0.1284722222222222
1 0.4982421875 0.37881944444444443 0.056640625 0.22013888888888888
4 0.584375 0.3857638888888889 0.059375 0.19375
0 0.4216796875 0.39861111111111114 0.053515625 0.15
0 0.66468359375 0.40908333333333335 0.053441406250000004 0.19293749999999998