9 0.26373828125 0.6457708333333333 0.0470078125 0.11376388888888889
9 0.29931640625 0.5607638888888888 0.03259375 0.09814583333333335
9 0.32105859375 0.4935625 0.0386015625 0.10448611111111111
9 0.345703125 0.4205763888888889 0.028335937500000002 0.0945625
9 0.376953125 0.3125 0.025800781249999998 0.08463888888888889
9 0.3552265625 0.35568750000000005 0.027433593750000002 0.09390972222222221
9 0.3913671875 0.2599583333333333 0.030777343750000002 0.08865972222222222
9 0.40025000000000005 0.20614583333333336 0.03292578125 0.08520833333333333
11 0.34781640625 0.19381944444444446 0.03937890625 0.11263888888888889
11 0.19812109375 0.6233680555555555 0.062253906250000005 0.141875
8 0.22702343749999998 0.5299930555555556 0.0575625 0.14263194444444444
8 0.33433984375 0.23720833333333333 0.039773437499999995 0.10913888888888888
6 0.24870312499999997 0.4477291666666667 0.056386718749999995 0.16835416666666667
6 0.32272265624999996 0.2759027777777778 0.0322890625 0.1455625
7 0.273015625 0.35712499999999997 0.05775 0.20521527777777776
10 0.29860546875 0.31049305555555556 0.04341796875 0.18733333333333332
3 0.629625 0.7160486111111111 0.03659765625 0.12585416666666666
3 0.6640625 0.2463125 0.02451953125 0.10297222222222223
3 0.6513671875 0.39344444444444443 0.02711328125 0.07622916666666667
3 0.658203125 0.32769444444444445 0.025222656249999996 0.0702013888888889
3 0.63818359375 0.5125902777777778 0.02859375 0.0720486111111111
3 0.642578125 0.4479166666666667 0.026457031250000002 0.0625
3 0.63011328125 0.6127847222222222 0.03562109375 0.11029861111111113
3 0.63707421875 0.5298333333333334 0.024796875 0.06547916666666667
5 0.71777734375 0.7436319444444444 0.054464843750000005 0.15731944444444443
5 0.72482421875 0.21268749999999997 0.033945312500000005 0.057187499999999995
2 0.71965234375 0.6163055555555556 0.047121093749999995 0.121125
0 0.70819140625 0.5293402777777778 0.046230468749999996 0.15234027777777778
4 0.7227265625 0.39924305555555556 0.0441328125 0.11220138888888888
1 0.71868359375 0.3078958333333333 0.043234375000000005 0.09041666666666666