5 0.3123046875 0.2170138888888889 0.040234375 0.11597222222222223
0 0.4306640625 0.23298611111111112 0.038671875 0.1451388888888889
5 0.77421875 0.27569444444444446 0.04296875 0.13472222222222222
0 0.6265625 0.2534722222222222 0.03203125 0.1486111111111111
2 0.3705078125 0.23194444444444445 0.040234375 0.13055555555555556
2 0.6978515625 0.25833333333333336 0.039453125 0.13472222222222222
3 0.355078125 0.32430555555555557 0.03203125 0.09861111111111111
3 0.415625 0.33402777777777776 0.0328125 0.09722222222222222
3 0.6759765625 0.38472222222222224 0.033203125 0.10694444444444444
3 0.2900390625 0.30972222222222223 0.034765625 0.09444444444444444
3 0.48046875 0.3482638888888889 0.0296875 0.09930555555555555
3 0.76328125 0.3871527777777778 0.0359375 0.10208333333333333
3 0.55 0.3645833333333333 0.03046875 0.10138888888888889
3 0.6185546875 0.3701388888888889 0.030859375 0.09861111111111111
9 0.4841796875 0.9298611111111111 0.044140625 0.10833333333333334
4 0.5619140625 0.2232638888888889 0.043359375 0.18680555555555556
9 0.242578125 0.8756944444444444 0.05390625 0.10416666666666667
9 0.158984375 0.8690972222222222 0.06015625 0.10625
9 0.3953125 0.93125 0.04921875 0.10694444444444444
9 0.3248046875 0.8927083333333333 0.050390625 0.10069444444444445
1 0.493359375 0.2142361111111111 0.03828125 0.2048611111111111
9 0.573828125 0.9548611111111112 0.04609375 0.08888888888888889
9 0.66015625 0.965625 0.0453125 0.06736111111111111