2 0.4177734375 0.7392361111111111 0.043359375 0.10069444444444445
9 0.40625 0.384375 0.03203125 0.08541666666666667
11 0.2625 0.5253472222222222 0.046875 0.10625
3 0.446484375 0.5600694444444444 0.0265625 0.08125
9 0.37109375 0.6267361111111112 0.034375 0.08402777777777778
3 0.4599609375 0.3076388888888889 0.025390625 0.08472222222222223
7 0.2951171875 0.6927083333333334 0.062890625 0.15625
5 0.509765625 0.3954861111111111 0.03125 0.10069444444444445
11 0.3716796875 0.23923611111111112 0.037890625 0.10347222222222222
5 0.48828125 0.6461805555555555 0.03359375 0.10069444444444445
6 0.28984375 0.36041666666666666 0.0421875 0.12222222222222222
2 0.3611328125 0.29965277777777777 0.034765625 0.09791666666666667
0 0.604296875 0.7569444444444444 0.034375 0.11805555555555555
8 0.3123046875 0.6215277777777778 0.043359375 0.10277777777777777
0 0.6759765625 0.48715277777777777 0.035546875 0.11458333333333333
6 0.326171875 0.14965277777777777 0.03828125 0.12430555555555556
4 0.562546875 0.46826388888888887 0.04287890625 0.1613888888888889
10 0.33678515625 0.4378888888888888 0.056902343749999994 0.14227777777777778
8 0.30953906249999996 0.28289583333333335 0.04303125 0.10156944444444443
1 0.57367578125 0.22806250000000003 0.04014453125 0.16956944444444444