5 0.24453125 0.34791666666666665 0.06328125 0.09861111111111111
5 0.8064453125 0.43645833333333334 0.060546875 0.10347222222222222
2 0.7126953125 0.41354166666666664 0.048046875 0.10902777777777778
3 0.3064453125 0.5027777777777778 0.047265625 0.07222222222222222
3 0.23046875 0.48368055555555556 0.053125 0.07013888888888889
2 0.3158203125 0.3736111111111111 0.060546875 0.10694444444444444
4 0.5494140625 0.390625 0.059765625 0.13541666666666666
3 0.787109375 0.5961805555555556 0.040625 0.07152777777777777
1 0.466015625 0.38784722222222223 0.0609375 0.14652777777777778
3 0.4583984375 0.5392361111111111 0.036328125 0.06875
3 0.378125 0.515625 0.04609375 0.07430555555555556
3 0.685546875 0.5927083333333333 0.04140625 0.07569444444444444
3 0.6189453125 0.571875 0.036328125 0.06736111111111111
3 0.53984375 0.5631944444444444 0.0390625 0.0763888888888889
0 0.389453125 0.38993055555555556 0.053125 0.10208333333333333
0 0.6263671875 0.42118055555555556 0.037890625 0.10902777777777778