5 0.6057692307692307 0.7115384615384616 0.6802884615384616 0.7115384615384616 0.6802884615384616 0.8533653846153846 0.6057692307692307 0.8533653846153846
5 0.8100961538461539 0.7211538461538461 0.8870192307692307 0.7211538461538461 0.8870192307692307 0.8653846153846154 0.8100961538461539 0.8653846153846154
1 0.6754807692307693 0.5456730769230769 0.7692307692307693 0.5456730769230769 0.7692307692307693 0.7524038461538461 0.6754807692307693 0.7524038461538461
4 0.5625 0.2403846153846154 0.625 0.2403846153846154 0.625 0.4206730769230769 0.5625 0.4206730769230769
3 0.6538461538461539 0.20192307692307693 0.7067307692307693 0.20192307692307693 0.7067307692307693 0.31971153846153844 0.6538461538461539 0.31971153846153844
3 0.59375 0.49759615384615385 0.6514423076923077 0.49759615384615385 0.6514423076923077 0.6201923076923077 0.59375 0.6201923076923077
3 0.4855769230769231 0.28846153846153844 0.5336538461538461 0.28846153846153844 0.5336538461538461 0.39663461538461536 0.4855769230769231 0.39663461538461536
2 0.22596153846153846 0.4735576923076923 0.3004807692307692 0.4735576923076923 0.3004807692307692 0.6201923076923077 0.22596153846153846 0.6201923076923077
7 0.22115384615384615 0.3125 0.2932692307692308 0.3125 0.2932692307692308 0.5144230769230769 0.22115384615384615 0.5144230769230769
9 0.22115384615384615 0.6201923076923077 0.28125 0.6201923076923077 0.28125 0.7331730769230769 0.22115384615384615 0.7331730769230769
11 0.13942307692307693 0.18990384615384615 0.20673076923076922 0.18990384615384615 0.20673076923076922 0.31009615384615385 0.13942307692307693 0.31009615384615385
9 0.24278846153846154 0.03365384615384615 0.2932692307692308 0.03365384615384615 0.2932692307692308 0.13942307692307693 0.24278846153846154 0.13942307692307693
9 0.3269230769230769 0.12740384615384615 0.3798076923076923 0.12740384615384615 0.3798076923076923 0.23557692307692307 0.3269230769230769 0.23557692307692307
9 0.40625 0.29086538461538464 0.4567307692307692 0.29086538461538464 0.4567307692307692 0.40384615384615385 0.40625 0.40384615384615385