4 0.556640625 0.48368055555555556 0.06171875 0.24097222222222223
5 0.5001953125 0.4107638888888889 0.041015625 0.1451388888888889
3 0.3814453125 0.5447916666666667 0.036328125 0.12708333333333333
5 0.4201171875 0.6520833333333333 0.046484375 0.16944444444444445
3 0.4513671875 0.3170138888888889 0.030859375 0.11458333333333333
9 0.368359375 0.36041666666666666 0.0421875 0.125
2 0.3296875 0.26145833333333335 0.0390625 0.14097222222222222
2 0.2962890625 0.7163194444444444 0.061328125 0.18680555555555556
0 0.712109375 0.5680555555555555 0.0578125 0.19027777777777777
9 0.2615234375 0.5774305555555556 0.048046875 0.14097222222222222
11 0.3576171875 0.21840277777777778 0.037890625 0.13958333333333334
10 0.2638671875 0.3541666666666667 0.059765625 0.24583333333333332
8 0.1822265625 0.5381944444444444 0.054296875 0.175
11 0.1447265625 0.4232638888888889 0.055078125 0.17430555555555555
8 0.271875 0.22951388888888888 0.04765625 0.13819444444444445
0 0.5724609375 0.8375 0.059765625 0.225
6 0.225390625 0.2722222222222222 0.040625 0.18888888888888888
7 0.1298828125 0.5722222222222222 0.083203125 0.3125
6 0.3201171875 0.12465277777777778 0.034765625 0.1701388888888889
1 0.6056640625 0.2701388888888889 0.056640625 0.23472222222222222