5 0.8921875 0.46805555555555556 0.0546875 0.14027777777777778
2 0.5400390625 0.8076388888888889 0.049609375 0.15416666666666667
5 0.4578125 0.8899305555555556 0.05 0.16875
10 0.44140625 0.15694444444444444 0.0359375 0.19583333333333333
8 0.2818359375 0.278125 0.036328125 0.1451388888888889
3 0.419140625 0.7697916666666667 0.0390625 0.1284722222222222
3 0.5515625 0.6493055555555556 0.0359375 0.11944444444444445
3 0.60859375 0.5934027777777777 0.03671875 0.11736111111111111
7 0.3876953125 0.17326388888888888 0.041015625 0.22013888888888888
3 0.4958984375 0.6944444444444444 0.038671875 0.12083333333333333
6 0.4916015625 0.14756944444444445 0.028515625 0.15625
3 0.837890625 0.40902777777777777 0.04140625 0.10972222222222222
6 0.3359375 0.228125 0.0359375 0.16458333333333333
2 0.8318359375 0.5069444444444444 0.045703125 0.1486111111111111
8 0.53203125 0.121875 0.02578125 0.12152777777777778
9 0.2466796875 0.3819444444444444 0.042578125 0.11805555555555555
9 0.6125 0.14652777777777778 0.03359375 0.10277777777777777
9 0.3115234375 0.35173611111111114 0.041015625 0.11180555555555556
11 0.2173828125 0.31631944444444443 0.036328125 0.12986111111111112
0 0.604296875 0.7034722222222223 0.04609375 0.20555555555555555
9 0.3681640625 0.31666666666666665 0.037890625 0.1125
9 0.4734375 0.23958333333333334 0.0359375 0.1125
9 0.5220703125 0.21631944444444445 0.037109375 0.11319444444444444
9 0.426953125 0.28541666666666665 0.04140625 0.11388888888888889
11 0.575390625 0.09652777777777778 0.0296875 0.12222222222222222
4 0.670703125 0.6239583333333333 0.065625 0.2673611111111111
9 0.569921875 0.1829861111111111 0.0359375 0.10902777777777778
3 0.7845703125 0.4635416666666667 0.044140625 0.1284722222222222
0 0.7826171875 0.5381944444444444 0.052734375 0.17083333333333334
1 0.7330390625 0.5748402777777778 0.057359375000000004 0.2607291666666667