0 0.5896484375 0.6777777777777778 0.037890625 0.1625
2 0.5453125 0.7642361111111111 0.0421875 0.1451388888888889
5 0.79453125 0.43993055555555555 0.0390625 0.11875
11 0.2064453125 0.4461805555555556 0.039453125 0.12013888888888889
8 0.4611328125 0.23680555555555555 0.026171875 0.1125
3 0.4947265625 0.6888888888888889 0.031640625 0.10555555555555556
6 0.304296875 0.3506944444444444 0.0359375 0.14305555555555555
9 0.2951171875 0.4600694444444444 0.035546875 0.09652777777777778
8 0.2607421875 0.4010416666666667 0.033984375 0.12152777777777778
3 0.57890625 0.5871527777777777 0.03046875 0.10347222222222222
9 0.339453125 0.41909722222222223 0.03515625 0.09791666666666667
9 0.423828125 0.3402777777777778 0.0328125 0.09583333333333334
9 0.4623046875 0.30625 0.034765625 0.10555555555555556
3 0.5369140625 0.64375 0.029296875 0.10555555555555556
7 0.344921875 0.29375 0.03984375 0.19444444444444445
9 0.387890625 0.38125 0.034375 0.09583333333333334
3 0.6263671875 0.540625 0.030078125 0.10625
9 0.531640625 0.23958333333333334 0.03046875 0.09305555555555556
10 0.3892578125 0.27534722222222224 0.033203125 0.1701388888888889
0 0.7169921875 0.5010416666666667 0.037890625 0.16597222222222222
9 0.498828125 0.27291666666666664 0.0328125 0.10138888888888889
3 0.7451171875 0.4059027777777778 0.033203125 0.09791666666666667
5 0.483984375 0.8451388888888889 0.03984375 0.15138888888888888
6 0.4306640625 0.259375 0.026171875 0.13541666666666666
3 0.4384765625 0.7659722222222223 0.033984375 0.11388888888888889
9 0.2392578125 0.496875 0.036328125 0.09791666666666667
4 0.6373046875 0.5986111111111111 0.047265625 0.22083333333333333
11 0.4947265625 0.20590277777777777 0.026953125 0.10625
1 0.6791015625 0.5409722222222222 0.048046875 0.20972222222222223
2 0.755203125 0.47485416666666663 0.042324218749999996 0.127375