5 0.7611328125 0.45069444444444445 0.036328125 0.11666666666666667
0 0.5666015625 0.6902777777777778 0.036328125 0.16527777777777777
5 0.4630859375 0.8631944444444445 0.041796875 0.15138888888888888
6 0.2728515625 0.3684027777777778 0.034765625 0.1423611111111111
2 0.523046875 0.7791666666666667 0.0421875 0.14166666666666666
3 0.5123046875 0.6597222222222222 0.029296875 0.10555555555555556
3 0.471875 0.7065972222222222 0.03203125 0.10625
3 0.5984375 0.5513888888888889 0.02890625 0.09722222222222222
9 0.263671875 0.4795138888888889 0.03828125 0.09791666666666667
3 0.5537109375 0.6020833333333333 0.030078125 0.10138888888888889
9 0.434375 0.32430555555555557 0.03515625 0.10416666666666667
10 0.3599609375 0.29618055555555556 0.037109375 0.17708333333333334
9 0.3107421875 0.43854166666666666 0.034765625 0.09791666666666667
3 0.7119140625 0.4166666666666667 0.030078125 0.09444444444444444
9 0.2080078125 0.5201388888888889 0.039453125 0.09861111111111111
6 0.4005859375 0.275 0.026953125 0.13472222222222222
9 0.46953125 0.2934027777777778 0.03203125 0.09375
7 0.3140625 0.31006944444444445 0.04140625 0.18958333333333333
9 0.3958984375 0.35520833333333335 0.033984375 0.09236111111111112
11 0.1763671875 0.4704861111111111 0.040234375 0.12013888888888889
8 0.4333984375 0.25 0.027734375 0.1125
9 0.5021484375 0.25729166666666664 0.031640625 0.09236111111111112
3 0.415234375 0.7868055555555555 0.0359375 0.11805555555555555
0 0.6865234375 0.5208333333333334 0.041015625 0.1486111111111111
3 0.6759765625 0.45694444444444443 0.030859375 0.09444444444444444
9 0.359765625 0.4017361111111111 0.0359375 0.09236111111111112
2 0.723046875 0.48854166666666665 0.0390625 0.12708333333333333
8 0.2291015625 0.42118055555555556 0.033984375 0.12430555555555556
11 0.464453125 0.22361111111111112 0.0265625 0.10555555555555556
4 0.61328125 0.61875 0.04609375 0.20416666666666666
1 0.65078125 0.5510416666666667 0.04765625 0.21458333333333332