1 0.76904296875 0.2986870897155361 0.08203125 0.20933625091174327
0 0.598876953125 0.15536105032822758 0.05029296875 0.1415025528811087
5 0.5712890625 0.07840991976659373 0.0625 0.13056163384390956
5 0.521240234375 0.4365426695842451 0.07080078125 0.15681983953318746
3 0.682373046875 0.3402625820568928 0.05712890625 0.11597374179431072
3 0.7431640625 0.7768052516411379 0.060546875 0.12253829321663019
3 0.544921875 0.6677607585703865 0.0634765625 0.12472647702407003
3 0.608154296875 0.5350109409190372 0.05517578125 0.1261852662290299
3 0.416015625 0.1797957695113056 0.05078125 0.10576221735959154
3 0.492431640625 0.17541940189642596 0.05517578125 0.10722100656455143
2 0.59716796875 0.3333333333333333 0.06640625 0.15171407731582787
2 0.443359375 0.7764405543398979 0.0712890625 0.16411378555798686
10 0.346923828125 0.14442013129102846 0.06591796875 0.18088986141502553
8 0.236083984375 0.7888402625820569 0.08642578125 0.162654996353027
11 0.19775390625 0.087527352297593 0.0634765625 0.12691466083150985
6 0.35595703125 0.4274252370532458 0.0673828125 0.15463165572574764
6 0.189453125 0.14952589350838805 0.0634765625 0.16046681254558717
7 0.15869140625 0.4077315827862874 0.0927734375 0.20568927789934355
9 0.412841796875 0.08351568198395332 0.05712890625 0.11013858497447118
9 0.274169921875 0.1648431801604668 0.05517578125 0.1137855579868709
9 0.25830078125 0.33515681983953316 0.048828125 0.11305616338439095
9 0.259521484375 0.43727206418672504 0.05908203125 0.1174325309992706
9 0.356201171875 0.5587162654996353 0.06494140625 0.12399708242159008