5 0.586181640625 0.06783369803063458 0.05322265625 0.12253829321663019
5 0.83984375 0.7345003646973013 0.07421875 0.13858497447118892
1 0.789794921875 0.36980306345733044 0.07861328125 0.19839533187454414
4 0.5966796875 0.2913931436907367 0.0693359375 0.1714077315827863
3 0.663818359375 0.1436907366885485 0.04443359375 0.10065645514223195
3 0.67578125 0.22793581327498177 0.0458984375 0.10722100656455143
3 0.69775390625 0.399708242159008 0.052734375 0.11232676878191102
3 0.620849609375 0.5051057622173596 0.05029296875 0.10722100656455143
3 0.51611328125 0.30233406272793584 0.0537109375 0.10722100656455143
3 0.51708984375 0.06528081692195478 0.0458984375 0.099927060539752
2 0.58984375 0.13347921225382933 0.048828125 0.13274981765134938
2 0.43701171875 0.39460247994164843 0.0693359375 0.13858497447118892
10 0.360107421875 0.29576951130561635 0.07080078125 0.1699489423778264
11 0.207275390625 0.05579868708971553 0.05908203125 0.11159737417943107
11 0.254638671875 0.7443471918307805 0.06982421875 0.1363967906637491
7 0.166748046875 0.36214442013129106 0.07861328125 0.1962071480671043
6 0.154296875 0.486870897155361 0.0751953125 0.13785557986870897
8 0.365966796875 0.19547775346462437 0.06005859375 0.13566739606126915
8 0.164306640625 0.6064916119620715 0.07763671875 0.1436907366885485
9 0.435546875 0.2986870897155361 0.0498046875 0.10576221735959154
9 0.283935546875 0.055433989788475566 0.04541015625 0.10211524434719182
9 0.285400390625 0.21553610503282275 0.04833984375 0.10867979576951131
9 0.262451171875 0.6137855579868708 0.05908203125 0.12035010940919037
9 0.444580078125 0.7341356673960613 0.06103515625 0.1174325309992706