5 0.7763671875 0.43993055555555555 0.035546875 0.11458333333333333
6 0.287890625 0.3579861111111111 0.034375 0.1423611111111111
10 0.3736328125 0.28194444444444444 0.032421875 0.16805555555555557
11 0.191796875 0.4548611111111111 0.03671875 0.11944444444444445
3 0.4826171875 0.6930555555555555 0.033984375 0.10694444444444444
3 0.5244140625 0.6451388888888889 0.030859375 0.10555555555555556
2 0.5328125 0.7670138888888889 0.04296875 0.13958333333333334
3 0.564453125 0.5895833333333333 0.02734375 0.09722222222222222
9 0.3251953125 0.4253472222222222 0.037109375 0.09513888888888888
5 0.476171875 0.8482638888888889 0.040625 0.15069444444444444
9 0.2802734375 0.465625 0.034765625 0.09513888888888888
3 0.427734375 0.7701388888888889 0.03515625 0.11666666666666667
9 0.408984375 0.3458333333333333 0.034375 0.09166666666666666
4 0.62265625 0.6034722222222222 0.046875 0.20972222222222223
9 0.4841796875 0.28402777777777777 0.031640625 0.08611111111111111
3 0.72890625 0.4041666666666667 0.02890625 0.09166666666666666
9 0.4482421875 0.3138888888888889 0.037109375 0.10138888888888889
9 0.5150390625 0.24618055555555557 0.031640625 0.08819444444444445
3 0.6123046875 0.540625 0.026953125 0.10347222222222222
9 0.373828125 0.3875 0.0375 0.09722222222222222
3 0.6904296875 0.45034722222222223 0.029296875 0.09236111111111112
7 0.3296875 0.2986111111111111 0.040625 0.19027777777777777
6 0.4154296875 0.2652777777777778 0.026171875 0.13472222222222222
0 0.7 0.5100694444444445 0.0375 0.15347222222222223
9 0.224609375 0.5038194444444445 0.03828125 0.09930555555555555
0 0.576171875 0.68125 0.03828125 0.15694444444444444
1 0.6619140625 0.5413194444444445 0.049609375 0.21180555555555555
8 0.4470703125 0.24305555555555555 0.029296875 0.11527777777777778
2 0.734375 0.4774305555555556 0.0390625 0.12291666666666666
11 0.47890625 0.21215277777777777 0.02578125 0.10208333333333333
8 0.2443359375 0.41006944444444443 0.032421875 0.1284722222222222