0 0.6869140625 0.5416666666666666 0.042578125 0.05694444444444444
3 0.4341796875 0.30416666666666664 0.028515625 0.059722222222222225
3 0.4439453125 0.6517361111111111 0.029296875 0.05347222222222222
2 0.31484375 0.3190972222222222 0.04296875 0.06736111111111111
9 0.3708984375 0.7489583333333333 0.035546875 0.06041666666666667
5 0.4998046875 0.43125 0.034765625 0.06388888888888888
9 0.3814453125 0.42569444444444443 0.033203125 0.06111111111111111
8 0.3076171875 0.7625 0.046484375 0.06666666666666667
0 0.621484375 0.8822916666666667 0.04140625 0.07291666666666667
11 0.320703125 0.21944444444444444 0.04453125 0.08611111111111111
11 0.240625 0.6520833333333333 0.05 0.06388888888888888
8 0.2537109375 0.303125 0.048828125 0.0798611111111111
1 0.5651835937499999 0.21399305555555553 0.05908984375 0.11090277777777777
4 0.56147265625 0.5421875 0.054792968750000004 0.1038125
5 0.49448437500000003 0.7646875000000001 0.036421875 0.08243055555555556
2 0.43257812500000004 0.874548611111111 0.06258203125 0.08839583333333334
6 0.2539765625 0.09874999999999999 0.05063671875 0.09138888888888888
6 0.24607031250000003 0.4345833333333333 0.0645 0.08292361111111111
10 0.3146171875 0.5467013888888889 0.06412109375 0.10173611111111111
7 0.303 0.8733402777777777 0.06587890625000001 0.10818055555555556