4 0.79248046875 0.4048140043763676 0.0751953125 0.17359591539022612
1 0.770263671875 0.30342815463165573 0.07470703125 0.17943107221006566
2 0.766845703125 0.2447118891320204 0.06591796875 0.12035010940919037
2 0.8154296875 0.5412107950401167 0.076171875 0.11962071480671042
0 0.744140625 0.15536105032822758 0.05078125 0.13420860685630925
0 0.823486328125 0.6553610503282276 0.06494140625 0.13202042304886943
5 0.724365234375 0.08096280087527352 0.05322265625 0.12399708242159008
5 0.848876953125 0.7855579868708972 0.07568359375 0.12837345003646974
3 0.744873046875 0.7862873814733771 0.05908203125 0.11086797957695113
3 0.72216796875 0.6458789204959884 0.0625 0.11159737417943107
3 0.69677734375 0.5419401896425966 0.0546875 0.10211524434719182
3 0.6943359375 0.42961342086068566 0.0517578125 0.09919766593727207
3 0.684814453125 0.3450036469730124 0.04833984375 0.09773887673231219
3 0.677734375 0.2662290299051787 0.046875 0.09919766593727207
3 0.65966796875 0.1761487964989059 0.0419921875 0.09555069292487235
3 0.65478515625 0.09117432530999271 0.0419921875 0.09919766593727207
10 0.177001953125 0.3238512035010941 0.06396484375 0.17067833698030635
7 0.16064453125 0.4059080962800875 0.072265625 0.19474835886214442
8 0.171630859375 0.24361779722830051 0.06396484375 0.1137855579868709
8 0.159423828125 0.5444930707512764 0.06689453125 0.13202042304886943
6 0.185791015625 0.14952589350838805 0.05419921875 0.13420860685630925
6 0.142822265625 0.6630196936542669 0.06689453125 0.13858497447118892
11 0.19580078125 0.08679795769511306 0.0537109375 0.11962071480671042
11 0.131591796875 0.8056163384390955 0.07080078125 0.1363967906637491
9 0.265869140625 0.08971553610503283 0.04443359375 0.09773887673231219
9 0.271240234375 0.1699489423778264 0.04541015625 0.10065645514223195
9 0.258544921875 0.2552881108679796 0.04541015625 0.10065645514223195
9 0.261474609375 0.3362509117432531 0.05029296875 0.0962800875273523
9 0.259765625 0.43727206418672504 0.0517578125 0.10430342815463166
9 0.252197265625 0.5485047410649161 0.05126953125 0.10649161196207148
9 0.24365234375 0.6692195477753464 0.0546875 0.11013858497447118
9 0.23779296875 0.8037928519328957 0.0634765625 0.10795040116703136