11 0.2517578125 0.22881944444444444 0.062890625 0.1076388888888889
3 0.5013671875 0.2378472222222222 0.034765625 0.08402777777777778
9 0.4123046875 0.35555555555555557 0.041796875 0.07916666666666666
5 0.5650390625 0.3684027777777778 0.043359375 0.09236111111111112
0 0.8111328125 0.08263888888888889 0.064453125 0.11666666666666667
8 0.335546875 0.36701388888888886 0.0578125 0.09097222222222222
0 0.7263671875 0.5079861111111111 0.057421875 0.08125
7 0.330859375 0.49270833333333336 0.07421875 0.10902777777777778
4 0.6568359375 0.08229166666666667 0.063671875 0.15069444444444444
2 0.48921093750000005 0.5152569444444445 0.06649609375 0.10273611111111111
10 0.3419609375 0.08713194444444444 0.07975 0.1597638888888889