9 0.408984375 0.40902777777777777 0.03359375 0.09027777777777778
3 0.500390625 0.5680555555555555 0.03046875 0.08611111111111111
2 0.3380859375 0.3440972222222222 0.039453125 0.10486111111111111
7 0.3939453125 0.8006944444444445 0.058203125 0.15555555555555556
2 0.526171875 0.7684027777777778 0.03984375 0.10069444444444445
9 0.4427734375 0.6815972222222222 0.034765625 0.08819444444444445
6 0.28203125 0.4517361111111111 0.0484375 0.12569444444444444
3 0.44375 0.3003472222222222 0.02890625 0.08680555555555555
11 0.2990234375 0.6465277777777778 0.049609375 0.1125
5 0.522265625 0.3625 0.03359375 0.10694444444444444
5 0.5671875 0.6302083333333334 0.03828125 0.10486111111111111
11 0.330859375 0.26805555555555555 0.0390625 0.09583333333333334
1 0.5466796875 0.16111111111111112 0.042578125 0.17083333333333334
6 0.259765625 0.20451388888888888 0.04765625 0.1326388888888889
10 0.3607421875 0.5083333333333333 0.054296875 0.15138888888888888
8 0.3814453125 0.7 0.043359375 0.09722222222222222
8 0.27760546875 0.3547152777777778 0.0458359375 0.09902083333333334
0 0.7133125 0.6742361111111111 0.04602734375 0.11513194444444444
0 0.71028515625 0.3698125 0.04622265625 0.12434722222222222
4 0.59965234375 0.40920833333333334 0.0467890625 0.1510486111111111