5 0.31484375 0.20798611111111112 0.04296875 0.12152777777777778
0 0.6341796875 0.24375 0.033203125 0.15138888888888888
2 0.707421875 0.24722222222222223 0.040625 0.14444444444444443
3 0.29140625 0.30277777777777776 0.0359375 0.09722222222222222
3 0.358984375 0.31666666666666665 0.03359375 0.1
2 0.3732421875 0.2232638888888889 0.042578125 0.13402777777777777
3 0.7736328125 0.38055555555555554 0.036328125 0.10416666666666667
3 0.4177734375 0.3260416666666667 0.033984375 0.10208333333333333
3 0.6271484375 0.3645833333333333 0.033203125 0.10138888888888889
3 0.6857421875 0.37743055555555555 0.033203125 0.10902777777777778
3 0.4861328125 0.34131944444444445 0.030859375 0.10208333333333333
5 0.7859375 0.265625 0.04375 0.13541666666666666
3 0.5564453125 0.3590277777777778 0.031640625 0.10416666666666667
0 0.4345703125 0.225 0.037890625 0.1486111111111111
4 0.568359375 0.2152777777777778 0.0421875 0.19166666666666668
9 0.2423828125 0.8770833333333333 0.055078125 0.10694444444444444
9 0.3259765625 0.8954861111111111 0.051953125 0.10347222222222222
9 0.1572265625 0.8704861111111111 0.061328125 0.1076388888888889
9 0.4900390625 0.9340277777777778 0.047265625 0.10972222222222222
9 0.580859375 0.9569444444444445 0.0484375 0.08472222222222223
9 0.397265625 0.9333333333333333 0.04921875 0.10555555555555556
0 0.499609375 0.20451388888888888 0.040625 0.21319444444444444
9 0.672265625 0.9677083333333333 0.04140625 0.06319444444444444