3 0.44253125000000004 0.7823611111111111 0.047171875 0.12652083333333333
3 0.50263671875 0.7087638888888889 0.04578125 0.1278402777777778
3 0.54599609375 0.6589444444444444 0.03691796875 0.12063888888888889
3 0.5888671875 0.5966180555555556 0.034925781249999996 0.11626388888888887
3 0.63994140625 0.5512152777777778 0.031144531250000003 0.1025486111111111
3 0.7240234375 0.4597222222222222 0.03093359375 0.10377083333333334
3 0.766015625 0.4144583333333334 0.033234375 0.11124305555555555
9 0.24885156249999998 0.498 0.03628125 0.10434027777777778
9 0.30337109375 0.4606736111111111 0.0356328125 0.10315277777777777
9 0.3497578125 0.42290972222222223 0.038808593749999995 0.11338888888888889
9 0.39809765625 0.38263888888888886 0.03373046875 0.1116111111111111
9 0.4359375 0.3428819444444444 0.0348671875 0.1000486111111111
9 0.47592968750000003 0.3151875 0.0342734375 0.11769444444444443
9 0.5166015625 0.27825694444444443 0.032558593749999996 0.11078472222222223
9 0.54931640625 0.24184027777777778 0.030382812500000002 0.1020486111111111
11 0.21716406250000003 0.44314583333333335 0.037109375 0.11620833333333333
8 0.26762890625 0.39800694444444445 0.037863281250000005 0.12380555555555556
6 0.31235546875 0.34774305555555557 0.035312500000000004 0.15216666666666667
7 0.3572265625 0.2902777777777778 0.04893359375 0.1954861111111111
10 0.40278515625000005 0.26975 0.0452734375 0.17330555555555555
6 0.44482421875 0.2593333333333333 0.0256640625 0.13932638888888887
5 0.48974609375 0.8628472222222222 0.03891015625 0.148875
2 0.5537109375 0.7834236111111111 0.03918359375 0.1402986111111111
5 0.81494140625 0.4574652777777778 0.03759765625 0.12011805555555556
2 0.7724609375 0.4939236111111111 0.04046484375 0.13194444444444445
0 0.60009765625 0.6944444444444444 0.0342421875 0.16481944444444444
0 0.732421875 0.5256111111111111 0.03689453125 0.15375694444444443
4 0.6521484375 0.6232708333333333 0.050601562499999996 0.20495833333333333
1 0.69599609375 0.5542638888888889 0.05217578125 0.22209722222222222
8 0.47925000000000006 0.23251388888888888 0.034671875000000005 0.11363194444444444
11 0.51225390625 0.2040486111111111 0.03427734375 0.09838194444444444