9 0.3591796875 0.6927083333333334 0.037109375 0.08680555555555555
0 0.602734375 0.828125 0.03671875 0.12013888888888889
7 0.2783203125 0.7677083333333333 0.065234375 0.15486111111111112
11 0.2466796875 0.5888888888888889 0.048046875 0.10833333333333334
3 0.448046875 0.35208333333333336 0.02578125 0.08194444444444444
9 0.3939453125 0.43368055555555557 0.033203125 0.08680555555555555
3 0.4369140625 0.61875 0.028515625 0.08194444444444444
0 0.6716796875 0.5378472222222223 0.037890625 0.11597222222222223
11 0.35625 0.28194444444444444 0.0390625 0.10416666666666667
5 0.479296875 0.7118055555555556 0.03828125 0.10277777777777777
8 0.2935546875 0.33090277777777777 0.042578125 0.1076388888888889
2 0.40859375 0.8131944444444444 0.04453125 0.1
8 0.2970703125 0.6892361111111112 0.050390625 0.10486111111111111
5 0.5015625 0.4440972222222222 0.03203125 0.10069444444444445
2 0.3451171875 0.3458333333333333 0.037890625 0.09861111111111111
4 0.55546875 0.5211805555555555 0.0390625 0.1451388888888889
6 0.2728515625 0.4125 0.044921875 0.12361111111111112
6 0.308984375 0.19027777777777777 0.04140625 0.12916666666666668
10 0.32389453125 0.4991527777777778 0.0592421875 0.1482152777777778
1 0.56381640625 0.27665972222222224 0.04229296875 0.16960416666666667