11 0.308984375 0.528125 0.0578125 0.10347222222222222
3 0.799609375 0.04097222222222222 0.02734375 0.08194444444444444
11 0.7640625 0.6173611111111111 0.0453125 0.11388888888888889
3 0.5658203125 0.034027777777777775 0.023828125 0.06805555555555555
3 0.726953125 0.043055555555555555 0.028125 0.08611111111111111
3 0.6228515625 0.03923611111111111 0.024609375 0.07847222222222222
3 0.680078125 0.03784722222222222 0.0234375 0.07569444444444444
10 0.4859375 0.5409722222222222 0.0609375 0.15
6 0.4287109375 0.5267361111111111 0.052734375 0.11597222222222223
3 0.4625 0.028125 0.0234375 0.05625
6 0.617578125 0.5864583333333333 0.040625 0.12430555555555556
8 0.3658203125 0.5347222222222222 0.050390625 0.10972222222222222
3 0.4091796875 0.024652777777777777 0.024609375 0.049305555555555554
9 0.388671875 0.4354166666666667 0.03671875 0.08194444444444444
9 0.6326171875 0.48125 0.033984375 0.08611111111111111
8 0.6880859375 0.5989583333333334 0.044140625 0.10902777777777778
3 0.509375 0.030208333333333334 0.02578125 0.06041666666666667
9 0.3267578125 0.43333333333333335 0.039453125 0.08333333333333333
9 0.698828125 0.49270833333333336 0.0328125 0.09236111111111112
9 0.56640625 0.4618055555555556 0.0328125 0.08333333333333333
9 0.4470703125 0.44513888888888886 0.034765625 0.08055555555555556
9 0.76953125 0.5190972222222222 0.03828125 0.09375
9 0.500390625 0.46875 0.03515625 0.08333333333333333
7 0.54921875 0.5555555555555556 0.059375 0.16527777777777777