5 0.72890625 0.6288194444444445 0.059375 0.20625
0 0.3775390625 0.37118055555555557 0.043359375 0.1951388888888889
5 0.29765625 0.3277777777777778 0.03828125 0.14583333333333334
2 0.6353515625 0.55 0.044921875 0.1986111111111111
3 0.3234375 0.4465277777777778 0.0375 0.12777777777777777
3 0.278515625 0.4114583333333333 0.03359375 0.12430555555555556
3 0.23515625 0.37118055555555557 0.03515625 0.11875
3 0.372265625 0.49409722222222224 0.0359375 0.13680555555555557
0 0.55625 0.4951388888888889 0.04140625 0.22916666666666666
3 0.4939453125 0.5972222222222222 0.039453125 0.1486111111111111
4 0.496875 0.4201388888888889 0.053125 0.27361111111111114
3 0.6517578125 0.721875 0.047265625 0.17291666666666666
3 0.4283203125 0.5475694444444444 0.039453125 0.1451388888888889
3 0.5482421875 0.6503472222222222 0.045703125 0.16458333333333333
2 0.3349609375 0.35868055555555556 0.037109375 0.15486111111111112
1 0.4326171875 0.37743055555555555 0.055078125 0.30069444444444443