2 0.37421875 0.8625 0.05 0.09861111111111111
9 0.660546875 0.7715277777777778 0.03984375 0.0763888888888889
3 0.5994140625 0.6107638888888889 0.033984375 0.06319444444444444
9 0.44609375 0.73125 0.04453125 0.06944444444444445
11 0.3091796875 0.8440972222222223 0.059765625 0.09513888888888888
2 0.752734375 0.6513888888888889 0.046875 0.0875
5 0.4576171875 0.48055555555555557 0.044140625 0.06944444444444445
4 0.5333984375 0.34965277777777776 0.055078125 0.09652777777777778
1 0.312109375 0.33229166666666665 0.075 0.10625
10 0.5224140625 0.8814583333333333 0.07040625 0.11986805555555556
8 0.6673203125 0.9104444444444444 0.04621484375 0.11186805555555555
7 0.74113671875 0.9180763888888889 0.07016796875 0.14379166666666668
5 0.67395703125 0.5050208333333334 0.045179687499999996 0.07879166666666666
0 0.76223046875 0.24486111111111114 0.0498515625 0.08277083333333334
0 0.5393046874999999 0.09349305555555555 0.054203125 0.10884722222222223
3 0.37066796874999997 0.6140416666666667 0.0574921875 0.07817361111111111