5 0.2421875 0.3527777777777778 0.0625 0.09722222222222222
3 0.3759765625 0.5208333333333334 0.045703125 0.07222222222222222
3 0.3048828125 0.5090277777777777 0.047265625 0.07361111111111111
0 0.387109375 0.3940972222222222 0.05234375 0.10069444444444445
5 0.8048828125 0.4409722222222222 0.060546875 0.10416666666666667
1 0.4640625 0.3920138888888889 0.0625 0.14791666666666667
3 0.225390625 0.4888888888888889 0.05 0.07083333333333333
3 0.4560546875 0.5440972222222222 0.036328125 0.07152777777777777
3 0.6841796875 0.5972222222222222 0.040234375 0.0763888888888889
3 0.7859375 0.6013888888888889 0.040625 0.07361111111111111
2 0.3140625 0.37881944444444443 0.06328125 0.10902777777777778
4 0.547265625 0.3927083333333333 0.06015625 0.13958333333333334
2 0.711328125 0.4184027777777778 0.05078125 0.11180555555555556
3 0.5384765625 0.5690972222222223 0.040234375 0.07708333333333334
3 0.61796875 0.5767361111111111 0.03671875 0.06736111111111111
0 0.6240234375 0.4253472222222222 0.039453125 0.10902777777777778