11 0.7046875 0.48055555555555557 0.0421875 0.0875
6 0.3806640625 0.46458333333333335 0.045703125 0.08611111111111111
8 0.3181640625 0.48020833333333335 0.048046875 0.09375
11 0.2556640625 0.48506944444444444 0.049609375 0.08402777777777778
6 0.5708984375 0.4864583333333333 0.036328125 0.09375
9 0.636328125 0.36666666666666664 0.034375 0.07916666666666666
9 0.2615234375 0.37916666666666665 0.043359375 0.07222222222222222
9 0.387890625 0.3663194444444444 0.034375 0.07013888888888889
9 0.3248046875 0.3659722222222222 0.040234375 0.07222222222222222
10 0.441015625 0.4684027777777778 0.05546875 0.11180555555555556
9 0.5078125 0.36215277777777777 0.0328125 0.07708333333333334
9 0.703125 0.3795138888888889 0.0375 0.08263888888888889
9 0.5740234375 0.3684027777777778 0.036328125 0.07430555555555556
9 0.444140625 0.3784722222222222 0.03359375 0.07083333333333333
7 0.5052734375 0.4732638888888889 0.049609375 0.12013888888888889
8 0.6361328125 0.478125 0.041796875 0.09097222222222222