5 0.7283203125 0.6291666666666667 0.056640625 0.20694444444444443
0 0.3755859375 0.371875 0.041796875 0.19375
5 0.2947265625 0.325 0.036328125 0.1388888888888889
2 0.634375 0.5496527777777778 0.04453125 0.19930555555555557
3 0.3208984375 0.44722222222222224 0.037109375 0.12916666666666668
3 0.2328125 0.37118055555555557 0.0359375 0.11736111111111111
3 0.3703125 0.4951388888888889 0.0359375 0.1361111111111111
3 0.276171875 0.41388888888888886 0.034375 0.11944444444444445
3 0.491796875 0.5982638888888889 0.03984375 0.14930555555555555
4 0.4947265625 0.4204861111111111 0.053515625 0.27569444444444446
3 0.4259765625 0.5482638888888889 0.039453125 0.14375
0 0.5548828125 0.49236111111111114 0.040234375 0.22361111111111112
3 0.651171875 0.7236111111111111 0.046875 0.1736111111111111
2 0.3318359375 0.3579861111111111 0.040234375 0.15625
3 0.547265625 0.6506944444444445 0.04453125 0.16527777777777777
1 0.430078125 0.37777777777777777 0.0546875 0.3013888888888889