0 0.596923828125 0.15718453683442743 0.05224609375 0.14514952589350838
1 0.76953125 0.29978118161925604 0.08203125 0.19547775346462437
2 0.2431640625 0.6400437636761488 0.0703125 0.15681983953318746
2 0.350341796875 0.43326039387308535 0.06689453125 0.1487964989059081
3 0.74169921875 0.788110867979577 0.060546875 0.1174325309992706
3 0.68603515625 0.34427425237053244 0.0537109375 0.11232676878191102
3 0.60791015625 0.5379285193289569 0.05078125 0.11451495258935084
3 0.541259765625 0.6677607585703865 0.05908203125 0.12180889861415026
5 0.57080078125 0.07986870897155361 0.0517578125 0.1276440554339898
5 0.51025390625 0.3439095550692925 0.056640625 0.1261852662290299
11 0.1962890625 0.08789204959883297 0.0556640625 0.12326768781911014
3 0.418701171875 0.18234865061998543 0.04833984375 0.11086797957695113
7 0.168701171875 0.3063457330415755 0.08251953125 0.2013129102844639
8 0.23681640625 0.788475565280817 0.0830078125 0.15463165572574764
6 0.18603515625 0.14514952589350838 0.064453125 0.1575492341356674
10 0.34814453125 0.14843180160466812 0.0634765625 0.18453683442742524
9 0.27294921875 0.16630196936542668 0.05078125 0.10795040116703136
9 0.25927734375 0.33916849015317285 0.0537109375 0.1137855579868709
9 0.26025390625 0.4361779722830051 0.0576171875 0.11232676878191102
9 0.35546875 0.562727935813275 0.0576171875 0.11597374179431072