5 0.2708984375 0.31145833333333334 0.061328125 0.11319444444444444
3 0.3306640625 0.46076388888888886 0.046484375 0.08680555555555555
3 0.253515625 0.44479166666666664 0.05078125 0.08402777777777778
3 0.4025390625 0.4756944444444444 0.044921875 0.08611111111111111
2 0.343359375 0.33090277777777777 0.05859375 0.12986111111111112
0 0.4146484375 0.34305555555555556 0.052734375 0.13194444444444445
5 0.8390625 0.38506944444444446 0.0609375 0.12708333333333333
3 0.484765625 0.4965277777777778 0.03828125 0.08611111111111111
2 0.7435546875 0.36354166666666665 0.050390625 0.1284722222222222
3 0.8220703125 0.5447916666666667 0.042578125 0.08958333333333333
3 0.717578125 0.5444444444444444 0.04140625 0.09722222222222222
3 0.566796875 0.5180555555555556 0.0390625 0.09444444444444444
3 0.6482421875 0.5260416666666666 0.037109375 0.08402777777777778
1 0.4939453125 0.3326388888888889 0.057421875 0.1875
4 0.576953125 0.33819444444444446 0.05703125 0.16527777777777777
0 0.6548828125 0.3684027777777778 0.038671875 0.13958333333333334