5 0.275 0.23194444444444445 0.0546875 0.14444444444444443
0 0.415625 0.2423611111111111 0.04609375 0.18194444444444444
0 0.656640625 0.2534722222222222 0.0390625 0.19166666666666668
2 0.746875 0.25798611111111114 0.0484375 0.1701388888888889
3 0.395703125 0.3607638888888889 0.040625 0.12291666666666666
3 0.2447265625 0.33958333333333335 0.045703125 0.11805555555555555
3 0.325 0.3527777777777778 0.04296875 0.11805555555555555
3 0.721875 0.409375 0.0390625 0.13402777777777777
3 0.8306640625 0.4076388888888889 0.044140625 0.13333333333333333
3 0.648828125 0.3954861111111111 0.0375 0.12708333333333333
3 0.476953125 0.37569444444444444 0.0390625 0.12222222222222222
4 0.576953125 0.22152777777777777 0.05546875 0.24166666666666667
3 0.5634765625 0.3923611111111111 0.038671875 0.12777777777777777
1 0.4931640625 0.2107638888888889 0.054296875 0.26875
2 0.3443359375 0.24722222222222223 0.048828125 0.15555555555555556
5 0.84296875 0.2725694444444444 0.053125 0.16041666666666668