4 0.7620192307692307 0.18269230769230768 0.8269230769230769 0.18269230769230768 0.8269230769230769 0.33653846153846156 0.7620192307692307 0.33653846153846156
1 0.7572115384615384 0.24759615384615385 0.8413461538461539 0.24759615384615385 0.8413461538461539 0.44471153846153844 0.7572115384615384 0.44471153846153844
0 0.7355769230769231 0.11298076923076923 0.7932692307692307 0.11298076923076923 0.7932692307692307 0.25 0.7355769230769231 0.25
0 0.7788461538461539 0.4182692307692308 0.84375 0.4182692307692308 0.84375 0.5552884615384616 0.7788461538461539 0.5552884615384616
5 0.7163461538461539 0.03125 0.7764423076923077 0.03125 0.7764423076923077 0.15625 0.7163461538461539 0.15625
5 0.7980769230769231 0.5360576923076923 0.875 0.5360576923076923 0.875 0.6778846153846154 0.7980769230769231 0.6778846153846154
5 0.71875 0.021634615384615384 0.7692307692307693 0.021634615384615384 0.7692307692307693 0.07932692307692307 0.71875 0.07932692307692307
5 0.8100961538461539 0.6706730769230769 0.8894230769230769 0.6706730769230769 0.8894230769230769 0.8100961538461539 0.8100961538461539 0.8100961538461539
3 0.6298076923076923 0.019230769230769232 0.6778846153846154 0.019230769230769232 0.6778846153846154 0.06971153846153846 0.6298076923076923 0.06971153846153846
3 0.6370192307692307 0.052884615384615384 0.6826923076923077 0.052884615384615384 0.6826923076923077 0.15144230769230768 0.6370192307692307 0.15144230769230768
3 0.6466346153846154 0.13701923076923078 0.6971153846153846 0.13701923076923078 0.6971153846153846 0.2403846153846154 0.6466346153846154 0.2403846153846154
3 0.6586538461538461 0.21634615384615385 0.7067307692307693 0.21634615384615385 0.7067307692307693 0.3317307692307692 0.6586538461538461 0.3317307692307692
3 0.6754807692307693 0.32211538461538464 0.7211538461538461 0.32211538461538464 0.7211538461538461 0.4326923076923077 0.6754807692307693 0.4326923076923077
3 0.6875 0.43028846153846156 0.7355769230769231 0.43028846153846156 0.7355769230769231 0.5456730769230769 0.6875 0.5456730769230769
3 0.7019230769230769 0.5480769230769231 0.7548076923076923 0.5480769230769231 0.7548076923076923 0.6634615384615384 0.7019230769230769 0.6634615384615384
3 0.7163461538461539 0.6730769230769231 0.7716346153846154 0.6730769230769231 0.7716346153846154 0.8004807692307693 0.7163461538461539 0.8004807692307693
10 0.11298076923076923 0.14423076923076922 0.18509615384615385 0.14423076923076922 0.18509615384615385 0.32211538461538464 0.11298076923076923 0.32211538461538464
7 0.0985576923076923 0.21875 0.17307692307692307 0.21875 0.17307692307692307 0.4254807692307692 0.0985576923076923 0.4254807692307692
6 0.125 0.08173076923076923 0.18269230769230768 0.08173076923076923 0.18269230769230768 0.22115384615384615 0.125 0.22115384615384615
6 0.08653846153846154 0.37740384615384615 0.15384615384615385 0.37740384615384615 0.15384615384615385 0.5288461538461539 0.08653846153846154 0.5288461538461539
8 0.13221153846153846 0.007211538461538462 0.19230769230769232 0.007211538461538462 0.19230769230769232 0.13701923076923078 0.13221153846153846 0.13701923076923078
8 0.08173076923076923 0.5240384615384616 0.15384615384615385 0.5240384615384616 0.15384615384615385 0.6706730769230769 0.08173076923076923 0.6706730769230769
11 0.06971153846153846 0.6538461538461539 0.14182692307692307 0.6538461538461539 0.14182692307692307 0.8052884615384616 0.06971153846153846 0.8052884615384616
11 0.14423076923076922 0.004807692307692308 0.19951923076923078 0.004807692307692308 0.19951923076923078 0.04807692307692308 0.14423076923076922 0.04807692307692308
9 0.22355769230769232 0.007211538461538462 0.2764423076923077 0.007211538461538462 0.2764423076923077 0.04567307692307692 0.22355769230769232 0.04567307692307692
9 0.22355769230769232 0.03365384615384615 0.2764423076923077 0.03365384615384615 0.2764423076923077 0.1346153846153846 0.22355769230769232 0.1346153846153846
9 0.22355769230769232 0.12259615384615384 0.27403846153846156 0.12259615384615384 0.27403846153846156 0.2283653846153846 0.22355769230769232 0.2283653846153846
9 0.21153846153846154 0.21394230769230768 0.27163461538461536 0.21394230769230768 0.27163461538461536 0.31971153846153844 0.21153846153846154 0.31971153846153844
9 0.21153846153846154 0.31971153846153844 0.27163461538461536 0.31971153846153844 0.27163461538461536 0.4326923076923077 0.21153846153846154 0.4326923076923077
9 0.19951923076923078 0.4326923076923077 0.2620192307692308 0.4326923076923077 0.2620192307692308 0.5360576923076923 0.19951923076923078 0.5360576923076923
9 0.1971153846153846 0.5384615384615384 0.2644230769230769 0.5384615384615384 0.2644230769230769 0.6538461538461539 0.1971153846153846 0.6538461538461539
9 0.1875 0.6682692307692307 0.25240384615384615 0.6682692307692307 0.25240384615384615 0.7836538461538461 0.1875 0.7836538461538461