9 0.41789062499999996 0.21036805555555557 0.030515625 0.08416666666666667
9 0.40649609375000006 0.2583958333333333 0.028625 0.08997222222222222
9 0.3908671875 0.3100555555555556 0.03121875 0.0941875
9 0.368671875 0.3522430555555556 0.03659765625 0.0989375
9 0.35742578125 0.4129166666666667 0.03998046875 0.1035
9 0.30786328125 0.546875 0.031859375 0.10069444444444445
9 0.33056640625 0.4817708333333333 0.02914453125 0.09884722222222223
9 0.2722265625 0.6293055555555556 0.04576171875 0.11334027777777779
3 0.627859375 0.7230277777777778 0.041269531250000005 0.12770138888888888
3 0.6286953125 0.6166736111111111 0.0380546875 0.11336111111111112
3 0.64144140625 0.5579027777777777 0.03358203125 0.10638888888888888
3 0.6454257812499999 0.4853611111111111 0.03121875 0.10456944444444445
3 0.65786328125 0.41884027777777777 0.03156640625 0.10700694444444445
3 0.6679375000000001 0.35677777777777775 0.03244140625 0.09344444444444444
3 0.6711328125 0.30485416666666665 0.02955078125 0.09394444444444444
3 0.6787109375 0.2528611111111111 0.0270078125 0.09584722222222222
11 0.20400000000000001 0.5966388888888888 0.06112109375 0.15735416666666666
11 0.36577734375 0.1948888888888889 0.039546874999999995 0.10604861111111112
8 0.23859765624999998 0.5156666666666666 0.051484375000000006 0.1517777777777778
8 0.34962109375 0.2358611111111111 0.040515625 0.11011805555555555
6 0.26273046875 0.43951388888888887 0.04894140625 0.1592638888888889
6 0.33792578125 0.2740138888888889 0.040781250000000005 0.13815972222222223
7 0.285984375 0.35433333333333333 0.056382812500000004 0.21283333333333335
10 0.31493359375 0.31036111111111114 0.04823046875 0.18125694444444443
5 0.7145390625 0.7543541666666667 0.06619140625 0.15513888888888888
2 0.71975 0.639625 0.06540625 0.1467986111111111
0 0.715765625 0.5473055555555556 0.05323046875 0.16460416666666666
4 0.7300859375 0.42022916666666665 0.04408984375 0.11756944444444445
5 0.7380546875 0.22552777777777777 0.0330390625 0.06179166666666667