4 0.4283203125 0.6579861111111112 0.058203125 0.22152777777777777
5 0.19453125 0.7350694444444444 0.053125 0.15069444444444444
2 0.2779296875 0.7204861111111112 0.048828125 0.1423611111111111
3 0.2185546875 0.6458333333333334 0.033203125 0.1111111111111111
3 0.3037109375 0.6263888888888889 0.036328125 0.10833333333333334
3 0.7142578125 0.5756944444444444 0.035546875 0.1111111111111111
5 0.72734375 0.6482638888888889 0.040625 0.13819444444444445
2 0.6490234375 0.6434027777777778 0.052734375 0.15208333333333332
3 0.637109375 0.5826388888888889 0.03046875 0.10416666666666667
1 0.503515625 0.6243055555555556 0.05546875 0.25416666666666665
0 0.358984375 0.6666666666666666 0.04296875 0.20555555555555555
9 0.6353515625 0.27534722222222224 0.032421875 0.09513888888888888
9 0.5794921875 0.290625 0.034765625 0.09652777777777778
9 0.4759765625 0.3017361111111111 0.033984375 0.09513888888888888
9 0.4216796875 0.3170138888888889 0.037109375 0.09513888888888888
9 0.366015625 0.3229166666666667 0.03671875 0.09444444444444444
6 0.3666015625 0.24479166666666666 0.031640625 0.13819444444444445
9 0.52421875 0.2986111111111111 0.03359375 0.09444444444444444
9 0.3138671875 0.32916666666666666 0.037109375 0.09444444444444444
3 0.3583984375 0.6190972222222222 0.037109375 0.11319444444444444
0 0.5783203125 0.6319444444444444 0.038671875 0.18333333333333332
10 0.46875 0.22256944444444443 0.0328125 0.17569444444444443
6 0.51953125 0.23298611111111112 0.028125 0.14930555555555555
7 0.4154296875 0.21631944444444445 0.034765625 0.1951388888888889
8 0.5701601562499999 0.2289236111111111 0.03155078125 0.11577083333333334
8 0.31491015624999996 0.261375 0.0459609375 0.11683333333333334
11 0.26032421875 0.27300694444444445 0.0398984375 0.11788194444444444
11 0.61791015625 0.2164236111111111 0.031757812499999996 0.1129861111111111
9 0.25553906249999997 0.32559027777777777 0.03969921875 0.09256944444444445