5 0.2791015625 0.30486111111111114 0.061328125 0.12083333333333333
5 0.853515625 0.36527777777777776 0.0625 0.14027777777777778
2 0.3513671875 0.32395833333333335 0.059765625 0.13680555555555557
3 0.25859375 0.4375 0.053125 0.09305555555555556
2 0.756640625 0.34652777777777777 0.0515625 0.1375
3 0.338671875 0.45069444444444445 0.04609375 0.09722222222222222
3 0.492578125 0.48194444444444445 0.03828125 0.09861111111111111
3 0.4107421875 0.4652777777777778 0.045703125 0.09722222222222222
3 0.577734375 0.5059027777777778 0.0390625 0.10486111111111111
3 0.7302734375 0.5274305555555555 0.043359375 0.1076388888888889
3 0.83828125 0.5239583333333333 0.04453125 0.10208333333333333
3 0.6599609375 0.5100694444444445 0.039453125 0.09097222222222222
4 0.5861328125 0.32430555555555557 0.061328125 0.175
0 0.423046875 0.3298611111111111 0.0546875 0.14444444444444443
0 0.6669921875 0.35 0.041796875 0.15416666666666667
1 0.501171875 0.31527777777777777 0.06015625 0.2013888888888889