5 0.30859375 0.29965277777777777 0.04765625 0.13402777777777777
5 0.8341796875 0.3548611111111111 0.052734375 0.14722222222222223
2 0.373046875 0.3138888888888889 0.046875 0.14444444444444443
1 0.5115234375 0.2916666666666667 0.050390625 0.2361111111111111
4 0.588671875 0.3013888888888889 0.05234375 0.21388888888888888
0 0.6625 0.3329861111111111 0.03984375 0.17152777777777778
2 0.746484375 0.33784722222222224 0.046875 0.15347222222222223
3 0.3548828125 0.4166666666666667 0.038671875 0.10972222222222222
3 0.42109375 0.42604166666666665 0.03828125 0.11180555555555556
3 0.6564453125 0.465625 0.035546875 0.11041666666666666
3 0.824609375 0.4840277777777778 0.04296875 0.11805555555555555
3 0.2802734375 0.40243055555555557 0.043359375 0.1076388888888889
3 0.578125 0.4600694444444444 0.03671875 0.11597222222222223
3 0.4978515625 0.4409722222222222 0.033984375 0.1111111111111111
3 0.7248046875 0.48159722222222223 0.038671875 0.12013888888888889
0 0.4388671875 0.31319444444444444 0.041015625 0.1597222222222222