5 0.316015625 0.2621527777777778 0.04453125 0.12430555555555556
2 0.7279296875 0.3038194444444444 0.043359375 0.14652777777777778
3 0.8001953125 0.44340277777777776 0.039453125 0.11041666666666666
3 0.2912109375 0.36041666666666666 0.038671875 0.1
3 0.4943359375 0.3993055555555556 0.032421875 0.10555555555555556
5 0.8103515625 0.32083333333333336 0.048828125 0.14027777777777778
3 0.3619140625 0.3736111111111111 0.036328125 0.10416666666666667
2 0.3765625 0.27708333333333335 0.04296875 0.1361111111111111
3 0.70546875 0.4395833333333333 0.0375 0.11388888888888889
3 0.4236328125 0.384375 0.035546875 0.10347222222222222
3 0.569140625 0.41770833333333335 0.0328125 0.1076388888888889
1 0.5087890625 0.2565972222222222 0.047265625 0.21736111111111112
3 0.6435546875 0.4236111111111111 0.033203125 0.10138888888888889
0 0.6505859375 0.2989583333333333 0.033984375 0.16180555555555556
0 0.43984375 0.278125 0.03984375 0.15486111111111112
4 0.5810546875 0.2677083333333333 0.047265625 0.19791666666666666
9 0.23203125 0.9600694444444444 0.05546875 0.07708333333333334
9 0.3173828125 0.9753472222222223 0.044140625 0.04791666666666667