2 0.313671875 0.30416666666666664 0.04375 0.06666666666666667
0 0.6880859375 0.5288194444444444 0.043359375 0.05763888888888889
3 0.4427734375 0.6378472222222222 0.029296875 0.05486111111111111
3 0.4330078125 0.2899305555555556 0.028515625 0.06319444444444444
11 0.3193359375 0.20381944444444444 0.043359375 0.08680555555555555
9 0.369140625 0.7357638888888889 0.034375 0.05763888888888889
0 0.62109375 0.8708333333333333 0.0421875 0.07361111111111111
9 0.3798828125 0.4114583333333333 0.033203125 0.06180555555555556
8 0.2521484375 0.2878472222222222 0.049609375 0.0798611111111111
6 0.2525078125 0.08674305555555556 0.06166015625 0.11029166666666666
6 0.24441015625 0.4259097222222222 0.06586718750000001 0.10721527777777777
10 0.31569140625 0.5314305555555555 0.07564453125000001 0.09061805555555556
11 0.24050390625 0.6359027777777778 0.0502421875 0.06915972222222222
8 0.30651171875 0.7523680555555556 0.058847656250000005 0.08277083333333334
7 0.30309765624999996 0.865173611111111 0.07544921875 0.09463194444444445
2 0.43296875 0.8660486111111111 0.061800781250000006 0.08804861111111112
5 0.49135937500000004 0.7511527777777778 0.041109375 0.09145138888888889
4 0.5627421874999999 0.5401111111111111 0.05108203125000001 0.10797916666666667
1 0.5611796874999999 0.20618750000000002 0.057328124999999994 0.12027083333333333
5 0.49829296875000006 0.41774999999999995 0.0393515625 0.08534027777777778