5 0.644287109375 0.7702407002188184 0.07275390625 0.13858497447118892
5 0.84716796875 0.7793581327498177 0.076171875 0.14077315827862874
1 0.720703125 0.637490882567469 0.08984375 0.20423048869438365
4 0.5927734375 0.3242159008023341 0.0615234375 0.17578409919766594
3 0.677490234375 0.25419401896425964 0.04931640625 0.11451495258935084
3 0.623291015625 0.5492341356673961 0.05615234375 0.11962071480671042
3 0.50927734375 0.33807439824945296 0.0478515625 0.10722100656455143
2 0.267333984375 0.5415754923413567 0.07177734375 0.1436907366885485
7 0.260009765625 0.4113785557986871 0.07177734375 0.199854121079504
9 0.255615234375 0.6703136396790663 0.05810546875 0.11086797957695113
11 0.17529296875 0.25054704595185995 0.064453125 0.1174325309992706
9 0.26953125 0.08789204959883297 0.0498046875 0.10284463894967177
9 0.35400390625 0.17906637490882568 0.05078125 0.10722100656455143
9 0.4306640625 0.34318016046681254 0.0498046875 0.11013858497447118