4 0.782470703125 0.2964989059080963 0.06689453125 0.1539022611232677
1 0.78759765625 0.36943836615609044 0.0693359375 0.18599562363238512
0 0.70947265625 0.6159737417943107 0.0537109375 0.13785557986870897
0 0.75146484375 0.2100656455142232 0.0498046875 0.13420860685630925
11 0.837890625 0.7326768781911014 0.072265625 0.13785557986870897
11 0.740478515625 0.06819839533187455 0.04833984375 0.11597374179431072
2 0.440673828125 0.39460247994164843 0.05615234375 0.12983223924142961
2 0.591064453125 0.13092633114514954 0.04638671875 0.13056163384390956
3 0.6650390625 0.14660831509846828 0.0390625 0.08315098468271334
3 0.65771484375 0.060175054704595186 0.0419921875 0.09555069292487235
3 0.70849609375 0.5083880379285193 0.046875 0.09773887673231219
3 0.697021484375 0.4026258205689278 0.04638671875 0.10065645514223195
3 0.673828125 0.22538293216630198 0.0419921875 0.10065645514223195
3 0.51611328125 0.30051057622173594 0.0390625 0.10357403355215171
3 0.615478515625 0.6167031363967906 0.04931640625 0.10722100656455143
3 0.644287109375 0.7396061269146609 0.05224609375 0.1137855579868709
11 0.206298828125 0.05324580598103574 0.05322265625 0.10649161196207148
11 0.253173828125 0.7417943107221007 0.06591796875 0.13274981765134938
7 0.17138671875 0.36323851203501095 0.0732421875 0.19547775346462437
10 0.18505859375 0.27716994894237784 0.072265625 0.16630196936542668
6 0.1591796875 0.4886943836615609 0.0615234375 0.13858497447118892
6 0.361572265625 0.054339897884755656 0.05029296875 0.10867979576951131
8 0.36376953125 0.19693654266958424 0.0546875 0.13274981765134938
8 0.16748046875 0.6010211524434719 0.0703125 0.13858497447118892
9 0.448974609375 0.7355944566010212 0.05322265625 0.10722100656455143
9 0.264892578125 0.5098468271334792 0.04638671875 0.09773887673231219
9 0.2626953125 0.6141502552881108 0.056640625 0.1050328227571116
9 0.275634765625 0.4102844638949672 0.04638671875 0.10284463894967177
9 0.436767578125 0.3012399708242159 0.04345703125 0.0962800875273523
9 0.428955078125 0.14186725018234866 0.04345703125 0.09409190371991247
9 0.281494140625 0.2213712618526623 0.04345703125 0.10138584974471189
9 0.284912109375 0.060175054704595186 0.04443359375 0.10138584974471189