3 0.621484375 0.07152777777777777 0.0234375 0.08472222222222223
3 0.791796875 0.07430555555555556 0.028125 0.08194444444444444
3 0.721875 0.07881944444444444 0.0265625 0.08680555555555555
3 0.46171875 0.050347222222222224 0.02734375 0.0798611111111111
3 0.6767578125 0.07152777777777777 0.023828125 0.08055555555555556
3 0.564453125 0.06215277777777778 0.021875 0.0798611111111111
3 0.50859375 0.05347222222222222 0.02734375 0.08055555555555556
3 0.4083984375 0.043402777777777776 0.025390625 0.07708333333333334
6 0.4501953125 0.571875 0.045703125 0.10208333333333333
11 0.7681640625 0.6482638888888889 0.042578125 0.10208333333333333
11 0.331640625 0.5736111111111111 0.05078125 0.09166666666666666
6 0.6322265625 0.6236111111111111 0.035546875 0.10833333333333334
7 0.5677734375 0.5951388888888889 0.048828125 0.14166666666666666
8 0.69765625 0.6322916666666667 0.040625 0.10208333333333333
9 0.4625 0.48541666666666666 0.02734375 0.075
9 0.405859375 0.478125 0.03515625 0.07569444444444444
9 0.5775390625 0.4996527777777778 0.027734375 0.07569444444444444
8 0.3869140625 0.5767361111111111 0.044921875 0.09930555555555555
9 0.7041015625 0.5274305555555555 0.030078125 0.08125
9 0.64296875 0.5180555555555556 0.03203125 0.075
9 0.7720703125 0.5506944444444445 0.036328125 0.08472222222222223
9 0.3453125 0.47847222222222224 0.0390625 0.07777777777777778
10 0.5068359375 0.5854166666666667 0.055078125 0.13055555555555556
9 0.516015625 0.5055555555555555 0.03125 0.07361111111111111