5 0.28515625 0.30659722222222224 0.0578125 0.13680555555555557
4 0.590625 0.3090277777777778 0.059375 0.22777777777777777
0 0.6736328125 0.3420138888888889 0.040234375 0.18263888888888888
3 0.3373046875 0.44166666666666665 0.043359375 0.11527777777777778
2 0.76484375 0.34375 0.05234375 0.1625
3 0.2572265625 0.42604166666666665 0.051171875 0.11180555555555556
1 0.5064453125 0.30069444444444443 0.057421875 0.25277777777777777
0 0.427734375 0.325 0.053125 0.1763888888888889
3 0.4099609375 0.4534722222222222 0.043359375 0.11666666666666667
3 0.8505859375 0.5121527777777778 0.047265625 0.12708333333333333
3 0.49140625 0.4701388888888889 0.03984375 0.11666666666666667
3 0.5791015625 0.49027777777777776 0.040234375 0.12083333333333333
2 0.35546875 0.32395833333333335 0.05546875 0.15486111111111112
5 0.862890625 0.36215277777777777 0.059375 0.15763888888888888
3 0.7400390625 0.5131944444444444 0.044140625 0.13055555555555556
3 0.665234375 0.4947916666666667 0.0421875 0.11736111111111111