1 0.771240234375 0.29722830051057625 0.08056640625 0.21079504011670314
6 0.44091796875 0.43180160466812545 0.064453125 0.1415025528811087
11 0.435302734375 0.3336980306345733 0.06494140625 0.1363967906637491
10 0.345947265625 0.1462436177972283 0.06494140625 0.18307804522246535
9 0.355224609375 0.5609044493070752 0.06689453125 0.1137855579868709
9 0.276123046875 0.1688548504741065 0.05322265625 0.11305616338439095
9 0.25830078125 0.3384390955506929 0.060546875 0.1137855579868709
7 0.16748046875 0.3037928519328957 0.0830078125 0.20350109409190373
5 0.2724609375 0.06819839533187455 0.06640625 0.1276440554339898
3 0.345703125 0.43836615609044494 0.0595703125 0.11816192560175055
3 0.591064453125 0.3460977388767323 0.05810546875 0.11159737417943107
3 0.54345703125 0.6652078774617067 0.0576171875 0.12837345003646974