2 0.461669921875 0.3887673231218089 0.05712890625 0.13274981765134938
5 0.853271484375 0.7428884026258206 0.07177734375 0.1422319474835886
1 0.73681640625 0.5951859956236324 0.08203125 0.199854121079504
4 0.61376953125 0.2910284463894967 0.0634765625 0.17213712618526622
3 0.695556640625 0.22538293216630198 0.04833984375 0.10940919037199125
3 0.637939453125 0.5047410649161196 0.05615234375 0.11232676878191102
3 0.534423828125 0.29686360320933625 0.05126953125 0.10357403355215171
3 0.551025390625 0.41429613420860684 0.05126953125 0.11816192560175055
8 0.529541015625 0.12691466083150985 0.05224609375 0.1415025528811087
10 0.383544921875 0.2826404084609774 0.06396484375 0.18016046681254558
7 0.28857421875 0.35776805251641136 0.0732421875 0.19912472647702406
9 0.453857421875 0.2924872355944566 0.04638671875 0.10357403355215171
9 0.306640625 0.04814004376367615 0.0478515625 0.0962800875273523
9 0.306884765625 0.20459518599562362 0.05126953125 0.10722100656455143
9 0.277099609375 0.5995623632385121 0.05322265625 0.12253829321663019
11 0.227294921875 0.045587162654996356 0.06103515625 0.09117432530999271
11 0.656005859375 0.7235594456601021 0.06787109375 0.1400437636761488