4 0.52001953125 0.4208606856309263 0.0693359375 0.175054704595186
1 0.7705078125 0.29795769511305614 0.080078125 0.20933625091174327
5 0.788330078125 0.43690736688548504 0.07080078125 0.13420860685630925
3 0.742431640625 0.7851932895696572 0.06494140625 0.11889132020423049
3 0.68310546875 0.3435448577680525 0.05078125 0.10940919037199125
3 0.51318359375 0.2614879649890591 0.0478515625 0.1174325309992706
3 0.541748046875 0.6655725747629467 0.05908203125 0.12326768781911014
3 0.605712890625 0.537563822027717 0.05810546875 0.11524434719183078
3 0.48974609375 0.1688548504741065 0.05078125 0.11159737417943107
5 0.570068359375 0.08424507658643327 0.05517578125 0.12326768781911014
0 0.59814453125 0.15791393143690738 0.052734375 0.14806710430342815
0 0.351318359375 0.537563822027717 0.07861328125 0.14587892049598833
8 0.351806640625 0.32056892778993434 0.06103515625 0.13347921225382933
8 0.23876953125 0.7906637490882568 0.0830078125 0.15171407731582787
11 0.19873046875 0.087527352297593 0.0615234375 0.12837345003646974
10 0.344482421875 0.14989059080962802 0.06884765625 0.17286652078774617
7 0.16259765625 0.40663749088256745 0.0908203125 0.212253829321663
6 0.185791015625 0.15061998541210794 0.06201171875 0.14514952589350838
6 0.357666015625 0.42924872355944566 0.06591796875 0.14514952589350838
9 0.413330078125 0.08679795769511306 0.04931640625 0.10357403355215171
9 0.415771484375 0.2439824945295405 0.05419921875 0.11159737417943107
9 0.272216796875 0.1652078774617068 0.05224609375 0.11013858497447118
9 0.26025390625 0.33552151714077316 0.0546875 0.11670313639679067
9 0.26025390625 0.43727206418672504 0.060546875 0.11159737417943107
9 0.2470703125 0.662290299051787 0.064453125 0.11962071480671042