9 0.4232421875 0.6986111111111111 0.037109375 0.09166666666666666
9 0.36953125 0.42569444444444443 0.0359375 0.09305555555555556
3 0.3984375 0.30833333333333335 0.0296875 0.09166666666666666
3 0.4744140625 0.5704861111111111 0.030859375 0.08819444444444445
2 0.28984375 0.37222222222222223 0.04375 0.10972222222222222
11 0.2783203125 0.2947916666666667 0.040234375 0.09930555555555555
11 0.271484375 0.6902777777777778 0.0515625 0.11666666666666667
5 0.4818359375 0.3590277777777778 0.032421875 0.10833333333333334
6 0.239453125 0.4951388888888889 0.053125 0.12777777777777777
1 0.493359375 0.14895833333333333 0.04140625 0.1798611111111111
7 0.378515625 0.8298402777777778 0.0671875 0.158375
2 0.5150390625 0.7701388888888889 0.039453125 0.10138888888888889
5 0.546875 0.6208333333333333 0.03671875 0.10694444444444444
4 0.563671875 0.3902777777777778 0.0421875 0.15555555555555556
6 0.200390625 0.24513888888888888 0.05234375 0.1361111111111111
8 0.23046875 0.39444444444444443 0.0484375 0.11388888888888889
10 0.3255859375 0.5375 0.060546875 0.15694444444444444
0 0.66819921875 0.3323263888888889 0.0386015625 0.13270138888888888
0 0.69495703125 0.639173611111111 0.04368359375 0.13529166666666667
8 0.3592421875 0.723701388888889 0.047140625000000005 0.08559722222222223