11 0.3126953125 0.5315972222222223 0.058984375 0.11041666666666666
5 0.62421875 0.3701388888888889 0.04140625 0.10555555555555556
3 0.559375 0.23125 0.03125 0.09305555555555556
3 0.541796875 0.5961805555555556 0.034375 0.08263888888888889
11 0.447265625 0.12430555555555556 0.04453125 0.11944444444444445
9 0.4919921875 0.3375 0.037109375 0.09444444444444444
0 0.844140625 0.5322916666666667 0.06171875 0.11319444444444444
2 0.433203125 0.21597222222222223 0.04296875 0.10694444444444444
0 0.7458984375 0.9184027777777778 0.055859375 0.09236111111111112
9 0.4478515625 0.6829861111111111 0.043359375 0.08541666666666667
8 0.36875 0.18541666666666667 0.053125 0.12361111111111112
5 0.5947265625 0.7333333333333333 0.044921875 0.1
8 0.3759765625 0.6767361111111111 0.052734375 0.09791666666666667
1 0.713671875 0.1440972222222222 0.06640625 0.17847222222222223
10 0.4068359375 0.42916666666666664 0.062109375 0.1527777777777778
6 0.34453125 0.3 0.05234375 0.13472222222222222
4 0.6962265624999999 0.5046597222222222 0.07434375 0.1683472222222222
2 0.5079609375 0.8618541666666666 0.052437500000000005 0.09800694444444444
7 0.3532890625 0.7938541666666667 0.08834765624999999 0.13520833333333332