5 0.276171875 0.3548611111111111 0.06328125 0.12361111111111112
5 0.8525390625 0.4152777777777778 0.061328125 0.14027777777777778
0 0.420703125 0.3795138888888889 0.0546875 0.1451388888888889
2 0.75625 0.396875 0.05390625 0.14097222222222222
3 0.33515625 0.5 0.04609375 0.10277777777777777
3 0.40703125 0.5128472222222222 0.0484375 0.10069444444444445
3 0.254296875 0.48541666666666666 0.05234375 0.09583333333333334
4 0.5849609375 0.36909722222222224 0.059765625 0.18680555555555556
2 0.3484375 0.3729166666666667 0.0609375 0.1361111111111111
3 0.4896484375 0.5315972222222223 0.039453125 0.09791666666666667
0 0.6650390625 0.4 0.042578125 0.15555555555555556
3 0.73046875 0.5767361111111111 0.04375 0.11180555555555556
3 0.838671875 0.5756944444444444 0.046875 0.10555555555555556
3 0.5759765625 0.5545138888888889 0.041796875 0.1076388888888889
3 0.6587890625 0.5590277777777778 0.040234375 0.09861111111111111
1 0.4994140625 0.3638888888888889 0.058984375 0.20416666666666666