3 0.3197265625 0.41041666666666665 0.037109375 0.12222222222222222
9 0.4470703125 0.2899305555555556 0.040234375 0.12013888888888889
9 0.2330078125 0.3368055555555556 0.046484375 0.125
11 0.2662109375 0.16597222222222222 0.041015625 0.14722222222222223
3 0.5408203125 0.3298611111111111 0.034765625 0.11666666666666667
5 0.2560546875 0.4982638888888889 0.048828125 0.16458333333333333
4 0.4427734375 0.5145833333333333 0.060546875 0.24722222222222223
11 0.537109375 0.18784722222222222 0.040625 0.14097222222222222
2 0.483203125 0.19756944444444444 0.03515625 0.13541666666666666
5 0.4935546875 0.4305555555555556 0.039453125 0.15
1 0.6703125 0.4204861111111111 0.06953125 0.26180555555555557
8 0.2087890625 0.25104166666666666 0.045703125 0.15486111111111112
0 0.1876953125 0.7413194444444444 0.061328125 0.21597222222222223
10 0.3494140625 0.1920138888888889 0.048828125 0.2298611111111111
7 0.133984375 0.2170138888888889 0.06640625 0.2743055555555556
8 0.46640625 0.13229166666666667 0.03984375 0.14375
6 0.5712890625 0.09340277777777778 0.038671875 0.17152777777777778
0 0.5144062500000001 0.7641180555555555 0.06689062500000001 0.2324027777777778
2 0.14285546875 0.42105555555555557 0.0689765625 0.1724652777777778
6 0.39439453125 0.12219444444444445 0.039332031249999996 0.17991666666666667