9 0.4611328125 0.4340277777777778 0.032421875 0.0875
7 0.414453125 0.8225694444444445 0.05703125 0.14930555555555555
2 0.396875 0.359375 0.0375 0.10208333333333333
2 0.5490234375 0.8177083333333334 0.038671875 0.09791666666666667
9 0.4732421875 0.7121527777777777 0.037109375 0.08680555555555555
3 0.503125 0.3315972222222222 0.02734375 0.08541666666666667
6 0.3349609375 0.4545138888888889 0.044921875 0.12291666666666666
11 0.398046875 0.2878472222222222 0.040625 0.10486111111111111
3 0.5384765625 0.6090277777777777 0.030859375 0.08333333333333333
0 0.747265625 0.7638888888888888 0.04765625 0.11666666666666667
11 0.3388671875 0.6482638888888889 0.047265625 0.10902777777777778
8 0.3404296875 0.3607638888888889 0.044140625 0.10902777777777778
5 0.574609375 0.40694444444444444 0.034375 0.10277777777777777
5 0.5998046875 0.6864583333333333 0.037890625 0.10347222222222222
6 0.3326171875 0.20902777777777778 0.043359375 0.12916666666666668
8 0.41171875 0.7263888888888889 0.04609375 0.10416666666666667
10 0.405859375 0.5267361111111111 0.05078125 0.14652777777777778
4 0.6466171875 0.4663055555555556 0.04518359375 0.15066666666666667
1 0.614203125 0.206375 0.04620703125 0.16784027777777777
0 0.763015625 0.44534722222222217 0.042328125 0.1238888888888889