11 0.730859375 0.5475694444444444 0.04296875 0.09791666666666667
11 0.2826171875 0.53125 0.050390625 0.09305555555555556
6 0.40703125 0.5159722222222223 0.04765625 0.09583333333333334
6 0.5962890625 0.54375 0.033984375 0.10555555555555556
9 0.290234375 0.42986111111111114 0.040625 0.075
10 0.46640625 0.521875 0.0578125 0.12430555555555556
9 0.3552734375 0.4222222222222222 0.039453125 0.075
9 0.7298828125 0.4517361111111111 0.037109375 0.08402777777777778
9 0.6634765625 0.43506944444444445 0.033203125 0.08263888888888889
9 0.4169921875 0.4222222222222222 0.033203125 0.0763888888888889
9 0.5359375 0.4236111111111111 0.0328125 0.07916666666666666
9 0.6015625 0.43472222222222223 0.034375 0.07777777777777778
8 0.342578125 0.5246527777777777 0.04609375 0.09652777777777778
9 0.471484375 0.43819444444444444 0.0359375 0.07916666666666666
7 0.53125 0.5277777777777778 0.0484375 0.13472222222222222
8 0.6623046875 0.54375 0.042578125 0.09861111111111111