6 0.25390625 0.41909722222222223 0.03359375 0.12430555555555556
5 0.4005859375 0.8854166666666666 0.039453125 0.13055555555555556
2 0.45546875 0.8090277777777778 0.0359375 0.12083333333333333
10 0.3361328125 0.3420138888888889 0.034765625 0.14791666666666667
9 0.2859375 0.48333333333333334 0.0328125 0.08611111111111111
11 0.437109375 0.2722222222222222 0.0234375 0.09444444444444444
6 0.37578125 0.3263888888888889 0.02890625 0.12083333333333333
7 0.294140625 0.36736111111111114 0.03984375 0.1736111111111111
3 0.4169921875 0.740625 0.030859375 0.09513888888888888
3 0.4568359375 0.6986111111111111 0.028515625 0.09444444444444444
9 0.4716796875 0.30972222222222223 0.028515625 0.08333333333333333
9 0.4052734375 0.37604166666666666 0.030078125 0.09097222222222222
9 0.1919921875 0.5597222222222222 0.037890625 0.0875
5 0.6916015625 0.5059027777777778 0.027734375 0.10347222222222222
9 0.43984375 0.34375 0.0296875 0.08611111111111111
9 0.24296875 0.5225694444444444 0.0359375 0.08680555555555555
9 0.333203125 0.446875 0.0328125 0.08402777777777778
9 0.367578125 0.4041666666666667 0.0296875 0.08333333333333333
4 0.5439453125 0.6673541666666667 0.037890625 0.17223611111111112
8 0.2130859375 0.4673611111111111 0.033203125 0.10972222222222222
8 0.407421875 0.2989583333333333 0.02578125 0.10486111111111111
3 0.496484375 0.6475694444444444 0.0265625 0.08819444444444445
3 0.36328125 0.8125 0.03203125 0.10138888888888889
11 0.163671875 0.5135416666666667 0.0359375 0.10347222222222222
1 0.5794921875 0.603125 0.036328125 0.18958333333333333
3 0.615625 0.5229166666666667 0.0265625 0.1
2 0.652734375 0.5423611111111111 0.03046875 0.1111111111111111
0 0.49936718750000003 0.7334583333333333 0.038375 0.14488888888888887
0 0.61927734375 0.5723958333333333 0.0329296875 0.13368055555555555
3 0.6516953125 0.46321527777777777 0.03058984375 0.07079166666666667