11 0.25234375 0.5614583333333333 0.04921875 0.06736111111111111
11 0.684375 0.5364583333333334 0.03515625 0.06875
6 0.5552734375 0.5472222222222223 0.031640625 0.075
8 0.31171875 0.5534722222222223 0.04375 0.0763888888888889
9 0.3166015625 0.4371527777777778 0.036328125 0.059027777777777776
9 0.4328125 0.4444444444444444 0.03359375 0.06111111111111111
9 0.5564453125 0.428125 0.032421875 0.06180555555555556
9 0.680859375 0.4340277777777778 0.03671875 0.06666666666666667
9 0.378515625 0.43472222222222223 0.0328125 0.05694444444444444
9 0.49453125 0.425 0.0328125 0.06111111111111111
9 0.616796875 0.42604166666666665 0.034375 0.06597222222222222
6 0.37265625 0.5347222222222222 0.04453125 0.06666666666666667
9 0.2546875 0.45381944444444444 0.040625 0.06180555555555556
8 0.6181640625 0.5364583333333334 0.036328125 0.07152777777777777
10 0.43125 0.5368055555555555 0.0515625 0.08888888888888889