6 0.4423828125 0.43216630196936545 0.0703125 0.14077315827862874
11 0.434814453125 0.34062727935813275 0.05810546875 0.13129102844638948
8 0.451904296875 0.6491611962071481 0.07080078125 0.1575492341356674
7 0.1669921875 0.30488694383661563 0.08203125 0.21152443471918309
10 0.344970703125 0.14514952589350838 0.06884765625 0.1765134938001459
9 0.274658203125 0.16666666666666666 0.05517578125 0.11013858497447118
9 0.25927734375 0.3388037928519329 0.0576171875 0.10722100656455143
9 0.356201171875 0.5649161196207148 0.05126953125 0.1174325309992706
5 0.273193359375 0.06965718453683442 0.04736328125 0.13056163384390956
2 0.348876953125 0.4212253829321663 0.06201171875 0.1539022611232677
1 0.771728515625 0.29795769511305614 0.08740234375 0.20058351568198396
3 0.427734375 0.5401167031363968 0.0546875 0.10867979576951131
3 0.589111328125 0.34208606856309265 0.05419921875 0.1137855579868709
3 0.5419921875 0.6630196936542669 0.05859375 0.11962071480671042