10 0.344970703125 0.14660831509846828 0.07080078125 0.1838074398249453
7 0.1630859375 0.40809628008752735 0.0849609375 0.21954777534646244
11 0.197998046875 0.08533916849015317 0.06201171875 0.13129102844638948
6 0.18603515625 0.14660831509846828 0.0634765625 0.15171407731582787
6 0.353271484375 0.4274252370532458 0.07177734375 0.15171407731582787
8 0.234375 0.787381473377097 0.087890625 0.1772428884026258
9 0.414306640625 0.08643326039387308 0.04833984375 0.11305616338439095
9 0.273193359375 0.1637490882567469 0.05810546875 0.12035010940919037
9 0.260009765625 0.3413566739606127 0.05615234375 0.12107950401167031
9 0.259033203125 0.4361779722830051 0.06591796875 0.12253829321663019
9 0.3583984375 0.563092633114515 0.0556640625 0.12399708242159008
1 0.770263671875 0.2986870897155361 0.08154296875 0.19912472647702406
0 0.595947265625 0.15718453683442743 0.05029296875 0.14660831509846828
2 0.439453125 0.7742523705324581 0.0751953125 0.16849015317286653
2 0.437255859375 0.2461706783369803 0.07275390625 0.13347921225382933
5 0.568603515625 0.08059810357403355 0.05908203125 0.1261852662290299
5 0.52294921875 0.4361779722830051 0.064453125 0.13566739606126915
3 0.7431640625 0.7815463165572575 0.060546875 0.12180889861415026
3 0.416259765625 0.18016046681254558 0.05322265625 0.1050328227571116
3 0.4912109375 0.1725018234865062 0.0517578125 0.10430342815463166
3 0.684326171875 0.34172137126185265 0.04833984375 0.11013858497447118
3 0.607421875 0.5393873085339168 0.0556640625 0.12180889861415026
3 0.541748046875 0.6641137855579868 0.06103515625 0.1174325309992706