9 0.26725390625 0.5857222222222223 0.0384140625 0.09783333333333333
9 0.3142109375 0.5264791666666666 0.029921874999999997 0.09510416666666666
9 0.34814453125 0.4730902777777778 0.026414062500000002 0.0925
9 0.40673828125 0.37000694444444443 0.022539062500000002 0.089625
9 0.4376953125 0.33155555555555555 0.02414453125 0.099625
9 0.4619140625 0.29384027777777777 0.02232421875 0.07959027777777777
6 0.29067578125 0.4145 0.040292968750000005 0.14365972222222223
9 0.48193359375 0.24804861111111112 0.0217421875 0.07595833333333334
11 0.217015625 0.5482638888888889 0.046617187500000004 0.12658333333333333
8 0.41430859375000006 0.2588958333333333 0.02661328125 0.10259027777777777
11 0.43818359375 0.21961805555555555 0.034765625 0.1073125
10 0.36255078125 0.31445833333333334 0.04211328125 0.1724236111111111
3 0.6181640625 0.6267361111111112 0.028976562500000004 0.09797916666666667
3 0.66455078125 0.5034722222222222 0.02665625 0.08686111111111111
3 0.56591796875 0.7773472222222223 0.03125 0.11284722222222222
3 0.63818359375 0.5607638888888888 0.02752734375 0.09185416666666667
3 0.5927734375 0.6805555555555556 0.029648437500000003 0.09651388888888889
0 0.68837890625 0.6275902777777778 0.04100390625 0.149125
5 0.63818359375 0.8337708333333335 0.04217578125 0.14203472222222221
3 0.6875 0.44661805555555556 0.02691796875 0.0876736111111111
5 0.780859375 0.3657152777777778 0.04105859375 0.1139513888888889
1 0.73154296875 0.43230555555555555 0.046066406250000004 0.1241875
2 0.66943359375 0.7365486111111111 0.0416875 0.13509027777777777
3 0.70869140625 0.38800694444444445 0.0293359375 0.10415972222222222
3 0.72991015625 0.3358055555555556 0.0332578125 0.07854166666666666
9 0.38384765625 0.42293055555555553 0.03644140625 0.11250694444444444
8 0.25885546875 0.48002083333333334 0.0567734375 0.1398888888888889
7 0.32574609374999997 0.3484583333333333 0.043289062499999996 0.2031527777777778
6 0.391171875 0.28476388888888887 0.03429296875 0.14453472222222222