5 0.8505859375 0.7436177972283005 0.0703125 0.1363967906637491
1 0.73681640625 0.5951859956236324 0.0869140625 0.21298322392414296
4 0.61572265625 0.28920495988329686 0.068359375 0.1714077315827863
3 0.697265625 0.22465353756382203 0.0458984375 0.10649161196207148
3 0.641357421875 0.5036469730123997 0.05029296875 0.11451495258935084
3 0.53369140625 0.29686360320933625 0.0498046875 0.10795040116703136
2 0.4580078125 0.38949671772428884 0.0732421875 0.1415025528811087
10 0.379150390625 0.2844638949671772 0.06591796875 0.1838074398249453
7 0.287841796875 0.3544857768052516 0.07080078125 0.20568927789934355
9 0.453125 0.29540481400437635 0.0556640625 0.10940919037199125
9 0.385498046875 0.13566739606126915 0.05126953125 0.10649161196207148
9 0.303955078125 0.05032822757111598 0.04736328125 0.10065645514223195
9 0.275390625 0.6010211524434719 0.0634765625 0.12545587162654998
11 0.208740234375 0.19839533187454414 0.06298828125 0.12837345003646974
11 0.6572265625 0.7239241429613421 0.0732421875 0.1539022611232677