3 0.334765625 0.5225694444444444 0.04609375 0.10208333333333333
3 0.48828125 0.5461805555555556 0.0390625 0.11041666666666666
3 0.254296875 0.5059027777777778 0.05 0.10208333333333333
3 0.4056640625 0.5326388888888889 0.044921875 0.10555555555555556
3 0.7314453125 0.5899305555555555 0.041796875 0.11319444444444444
3 0.6587890625 0.5722222222222222 0.038671875 0.10694444444444444
3 0.57421875 0.5677083333333334 0.03984375 0.11041666666666666
3 0.840234375 0.5878472222222222 0.04375 0.11319444444444444
5 0.8515625 0.4309027777777778 0.05859375 0.14791666666666667
2 0.3501953125 0.39444444444444443 0.058203125 0.14305555555555555
1 0.4982421875 0.38125 0.058203125 0.22083333333333333
5 0.2798828125 0.3802083333333333 0.058984375 0.12569444444444444
4 0.583984375 0.3871527777777778 0.06015625 0.19791666666666666
2 0.755078125 0.4131944444444444 0.0484375 0.14583333333333334
0 0.421484375 0.4 0.05234375 0.1527777777777778