9 0.7198515624999999 0.44131944444444443 0.05493749999999999 0.10070138888888888
9 0.65419921875 0.4211527777777778 0.053433593749999994 0.10127083333333334
9 0.5236328125 0.40852777777777777 0.044734375 0.10404166666666666
9 0.40322265625 0.4073541666666667 0.048390625 0.10047222222222223
9 0.27646484375 0.4194097222222223 0.042960937500000004 0.11256944444444444
8 0.333984375 0.5303888888888889 0.05145703124999999 0.11972916666666666
8 0.65634765625 0.5309097222222222 0.0522109375 0.09935416666666666
6 0.58662109375 0.5368125 0.053839843750000005 0.11167361111111111
11 0.723828125 0.5312638888888889 0.04922265625 0.11294444444444443
7 0.52177734375 0.5205902777777778 0.05276953125 0.13035416666666666
11 0.271828125 0.5323819444444444 0.0543125 0.09474305555555557
6 0.3974609375 0.5108541666666666 0.04385546875 0.08946527777777778
9 0.46142578125 0.4270833333333333 0.029984375 0.07075
9 0.34204296875 0.41340972222222216 0.0348203125 0.06901388888888889
9 0.59228515625 0.41774999999999995 0.026703125 0.06852083333333334
10 0.46020703125000006 0.5227222222222222 0.0571328125 0.12460416666666667