2 0.403125 0.8548611111111111 0.04453125 0.1
7 0.2740234375 0.8100694444444444 0.066015625 0.15347222222222223
9 0.3888671875 0.46284722222222224 0.033984375 0.08680555555555555
11 0.2390625 0.6229166666666667 0.05 0.10833333333333334
0 0.5998046875 0.8715277777777778 0.037890625 0.11666666666666667
9 0.354296875 0.7298611111111111 0.0375 0.0875
6 0.2666015625 0.44305555555555554 0.044140625 0.12222222222222222
3 0.4443359375 0.3784722222222222 0.026953125 0.08333333333333333
3 0.43203125 0.6538194444444444 0.03046875 0.08263888888888889
0 0.670703125 0.5694444444444444 0.0390625 0.11527777777777778
11 0.351953125 0.3072916666666667 0.03828125 0.10347222222222222
2 0.339453125 0.371875 0.03984375 0.09930555555555555
5 0.4759765625 0.7486111111111111 0.037109375 0.10138888888888889
5 0.49765625 0.47291666666666665 0.03203125 0.09861111111111111
8 0.2900390625 0.7270833333333333 0.052734375 0.10694444444444444
6 0.303515625 0.21319444444444444 0.04140625 0.12916666666666668
4 0.551609375 0.5560833333333334 0.049125 0.1593611111111111
1 0.56147265625 0.30217361111111113 0.04698046875 0.17065972222222223
8 0.28727734374999997 0.3540555555555555 0.048496093750000004 0.10508333333333333
10 0.31510546875 0.5251875 0.0572890625 0.1447638888888889