5 0.456640625 0.8888888888888888 0.03984375 0.1527777777777778
5 0.7474609375 0.4638888888888889 0.037109375 0.11527777777777778
6 0.2552734375 0.3920138888888889 0.037890625 0.1451388888888889
0 0.5578125 0.7118055555555556 0.03515625 0.1597222222222222
2 0.515234375 0.8010416666666667 0.04375 0.1423611111111111
3 0.4609375 0.7291666666666666 0.0328125 0.10694444444444444
11 0.1568359375 0.49618055555555557 0.041015625 0.11875
9 0.2482421875 0.5045138888888889 0.037890625 0.09791666666666667
3 0.5033203125 0.6802083333333333 0.030859375 0.10902777777777778
3 0.587890625 0.5670138888888889 0.02578125 0.09513888888888888
9 0.191796875 0.5472222222222223 0.040625 0.1
7 0.298046875 0.3329861111111111 0.0390625 0.18958333333333333
8 0.2126953125 0.4461805555555556 0.036328125 0.12569444444444444
9 0.4857421875 0.2763888888888889 0.029296875 0.09027777777777778
10 0.3427734375 0.31527777777777777 0.037890625 0.17916666666666667
4 0.6021484375 0.6413194444444444 0.050390625 0.20069444444444445
9 0.294921875 0.4625 0.03671875 0.09861111111111111
9 0.4185546875 0.3420138888888889 0.034765625 0.10486111111111111
9 0.454296875 0.3121527777777778 0.03046875 0.09097222222222222
9 0.3794921875 0.375 0.030859375 0.09305555555555556
3 0.663671875 0.4774305555555556 0.03046875 0.09375
9 0.34296875 0.42291666666666666 0.0359375 0.09166666666666666
3 0.4072265625 0.8125 0.037109375 0.12083333333333333
3 0.5427734375 0.6208333333333333 0.030078125 0.10277777777777777
3 0.6986328125 0.4340277777777778 0.034765625 0.1
6 0.3849609375 0.29583333333333334 0.030078125 0.1361111111111111
8 0.415234375 0.2670138888888889 0.0265625 0.10625
11 0.4482421875 0.24340277777777777 0.026171875 0.1076388888888889
0 0.6751953125 0.534375 0.038671875 0.15208333333333332
2 0.706640625 0.5048611111111111 0.03671875 0.11944444444444445
1 0.6384765625 0.5666666666666667 0.050390625 0.21388888888888888