3 0.6853515625 0.05243055555555556 0.025390625 0.08541666666666667
3 0.803515625 0.05763888888888889 0.02734375 0.08611111111111111
3 0.6291015625 0.051041666666666666 0.025390625 0.08819444444444445
3 0.73203125 0.060069444444444446 0.02734375 0.08958333333333333
3 0.5712890625 0.04201388888888889 0.024609375 0.08402777777777778
11 0.7697265625 0.6298611111111111 0.044140625 0.10972222222222222
6 0.44140625 0.5420138888888889 0.05078125 0.11180555555555556
11 0.3216796875 0.5420138888888889 0.052734375 0.09930555555555555
3 0.4693359375 0.03611111111111111 0.025390625 0.07222222222222222
8 0.3775390625 0.546875 0.048828125 0.10902777777777778
6 0.6267578125 0.5996527777777778 0.037890625 0.11875
8 0.695703125 0.6114583333333333 0.0421875 0.1076388888888889
9 0.3380859375 0.4465277777777778 0.038671875 0.08194444444444444
3 0.5166015625 0.03784722222222222 0.026953125 0.07569444444444444
10 0.498046875 0.5586805555555555 0.05625 0.13819444444444445
3 0.415234375 0.03159722222222222 0.0296875 0.06319444444444444
9 0.642578125 0.49583333333333335 0.03359375 0.08194444444444444
9 0.4001953125 0.45069444444444445 0.038671875 0.07916666666666666
9 0.7046875 0.5072916666666667 0.03046875 0.08680555555555555
9 0.574609375 0.4774305555555556 0.03125 0.08263888888888889
9 0.456640625 0.45902777777777776 0.0296875 0.08055555555555556
9 0.774609375 0.5336805555555556 0.0375 0.09236111111111112
7 0.56171875 0.5694444444444444 0.05390625 0.15555555555555556
9 0.5118671875 0.4769097222222222 0.04462890625 0.0920138888888889