5 0.713671875 0.753125 0.0484375 0.14791666666666667
11 0.1947265625 0.634375 0.055078125 0.14375
6 0.2455078125 0.46145833333333336 0.045703125 0.15486111111111112
2 0.7150390625 0.6336805555555556 0.048046875 0.13819444444444445
3 0.6630859375 0.24618055555555557 0.024609375 0.08819444444444445
8 0.2240234375 0.5458333333333333 0.049609375 0.14444444444444443
11 0.3443359375 0.20347222222222222 0.032421875 0.1111111111111111
3 0.6275390625 0.7309027777777778 0.038671875 0.11736111111111111
3 0.6583984375 0.30069444444444443 0.030859375 0.09583333333333334
3 0.6369140625 0.48715277777777777 0.029296875 0.11319444444444444
9 0.3421875 0.43506944444444445 0.034375 0.09930555555555555
9 0.260546875 0.6583333333333333 0.0453125 0.11388888888888889
3 0.6478515625 0.4128472222222222 0.030859375 0.10347222222222222
9 0.3501953125 0.3680555555555556 0.035546875 0.10277777777777777
9 0.3716796875 0.3215277777777778 0.037890625 0.09861111111111111
9 0.3875 0.26805555555555555 0.03515625 0.09444444444444444
6 0.3193359375 0.2847222222222222 0.034765625 0.14722222222222223
3 0.6283203125 0.6190972222222222 0.038671875 0.11736111111111111
9 0.3982421875 0.2170138888888889 0.030859375 0.09375
9 0.316015625 0.5034722222222222 0.040625 0.1
9 0.2947265625 0.575 0.044140625 0.10694444444444444
3 0.65234375 0.3579861111111111 0.02890625 0.10069444444444445
7 0.269140625 0.371875 0.0546875 0.21736111111111112
10 0.2943359375 0.32430555555555557 0.049609375 0.18472222222222223
3 0.6353515625 0.55625 0.033203125 0.11388888888888889
0 0.7099609375 0.5409722222222222 0.047265625 0.15694444444444444
8 0.329296875 0.24513888888888888 0.0390625 0.11666666666666667
5 0.72258984375 0.22316666666666668 0.0411484375 0.07063194444444444
1 0.7150703125 0.31202083333333336 0.046421875 0.09556944444444444
4 0.71966015625 0.41129166666666667 0.058722656250000005 0.1135625