9 0.180640625 0.6487152777777777 0.058546875 0.14395833333333335
9 0.2728984375 0.6399305555555556 0.051609375 0.12371527777777779
9 0.35546875 0.6148402777777778 0.0525859375 0.1275763888888889
9 0.4404296875 0.5977430555555555 0.0451953125 0.12364583333333334
9 0.51474609375 0.557375 0.045566406250000004 0.123
9 0.58388671875 0.5485208333333333 0.0426875 0.1260138888888889
9 0.65576171875 0.5263888888888889 0.0477265625 0.11950000000000001
9 0.72783203125 0.4918402777777778 0.04311328125 0.12072222222222223
11 0.69384765625 0.38954166666666673 0.04577734375 0.13802083333333334
8 0.62939453125 0.4029513888888889 0.04635546875 0.1503611111111111
6 0.56650390625 0.4214861111111112 0.047343750000000004 0.1831736111111111
10 0.49341015625000006 0.42339583333333336 0.04733203125 0.21224305555555556
7 0.41845703125 0.42513194444444447 0.04428125 0.23828472222222222
6 0.3435078125 0.4722222222222222 0.0419296875 0.17719444444444443
8 0.26220703125 0.5108541666666666 0.04794140625 0.15929166666666666
11 0.1755390625 0.5390625 0.051542968749999994 0.15765972222222221