11 0.3169921875 0.5347222222222222 0.052734375 0.10416666666666667
11 0.768359375 0.6236111111111111 0.04375 0.1111111111111111
3 0.684375 0.04583333333333333 0.02421875 0.08472222222222223
3 0.730859375 0.053125 0.02734375 0.08819444444444445
3 0.8029296875 0.05138888888888889 0.026953125 0.08472222222222223
6 0.4384765625 0.5361111111111111 0.049609375 0.1125
3 0.5701171875 0.03958333333333333 0.025390625 0.07916666666666666
3 0.628515625 0.04513888888888889 0.0265625 0.0875
8 0.6943359375 0.6069444444444444 0.042578125 0.10416666666666667
8 0.3740234375 0.540625 0.048046875 0.11180555555555556
3 0.4677734375 0.03263888888888889 0.025390625 0.06527777777777778
3 0.515625 0.035069444444444445 0.0265625 0.07013888888888889
10 0.49375 0.5517361111111111 0.05625 0.14097222222222222
9 0.3357421875 0.44131944444444443 0.041015625 0.08541666666666667
9 0.396875 0.4423611111111111 0.03984375 0.0875
9 0.63984375 0.4892361111111111 0.034375 0.08402777777777778
6 0.625 0.5940972222222223 0.03828125 0.12013888888888889
9 0.5734375 0.4708333333333333 0.03125 0.08333333333333333
3 0.41328125 0.02847222222222222 0.028125 0.05694444444444444
9 0.703125 0.5006944444444444 0.0296875 0.08888888888888889
9 0.453125 0.4510416666666667 0.03203125 0.0798611111111111
9 0.50703125 0.47708333333333336 0.03203125 0.07916666666666666
9 0.7740234375 0.528125 0.037890625 0.09236111111111112
7 0.558203125 0.5621527777777777 0.0546875 0.15763888888888888