5 0.83935546875 0.7330415754923414 0.078125 0.1400437636761488
1 0.8095703125 0.486870897155361 0.080078125 0.20350109409190373
3 0.521728515625 0.06637490882567469 0.04541015625 0.10649161196207148
2 0.4404296875 0.39460247994164843 0.0673828125 0.13858497447118892
7 0.267333984375 0.37235594456601023 0.07568359375 0.20350109409190373
10 0.3603515625 0.29066374908825676 0.06640625 0.187454412837345
4 0.597900390625 0.29175784099197666 0.06689453125 0.1765134938001459
3 0.663330078125 0.14332603938730853 0.04833984375 0.10867979576951131
3 0.67333984375 0.22319474835886213 0.0498046875 0.10795040116703136
3 0.69775390625 0.4051787016776076 0.0517578125 0.10576221735959154
3 0.623779296875 0.5065645514223195 0.06005859375 0.1174325309992706
3 0.515380859375 0.29722830051057625 0.05322265625 0.11597374179431072
8 0.506103515625 0.13274981765134938 0.06494140625 0.1487964989059081
8 0.163330078125 0.6010211524434719 0.07470703125 0.15171407731582787
11 0.256103515625 0.7454412837345004 0.08447265625 0.14587892049598833
11 0.205078125 0.05506929248723559 0.060546875 0.11013858497447118
6 0.43798828125 0.5991976659372721 0.06640625 0.14806710430342815
9 0.43603515625 0.30051057622173594 0.0537109375 0.10065645514223195
9 0.28369140625 0.05506929248723559 0.05078125 0.09700948212983224
9 0.283935546875 0.21517140773158278 0.05126953125 0.11524434719183078
9 0.2607421875 0.6148796498905909 0.0625 0.11670313639679067
9 0.449462890625 0.737417943107221 0.05908203125 0.1137855579868709