5 0.2728515625 0.23541666666666666 0.054296875 0.14444444444444443
0 0.6541015625 0.25833333333333336 0.039453125 0.19444444444444445
2 0.744140625 0.2604166666666667 0.0515625 0.16944444444444445
3 0.2423828125 0.3416666666666667 0.044921875 0.11666666666666667
3 0.321875 0.35555555555555557 0.04296875 0.11944444444444445
3 0.4744140625 0.378125 0.037109375 0.12152777777777778
5 0.8400390625 0.2760416666666667 0.055859375 0.16180555555555556
2 0.342578125 0.24965277777777778 0.04921875 0.15625
3 0.6458984375 0.39861111111111114 0.037109375 0.12638888888888888
3 0.827734375 0.41041666666666665 0.04375 0.13472222222222222
0 0.412890625 0.24583333333333332 0.04765625 0.18333333333333332
3 0.719140625 0.41215277777777776 0.0390625 0.13402777777777777
4 0.57421875 0.22430555555555556 0.0578125 0.24583333333333332
3 0.3939453125 0.3645833333333333 0.039453125 0.12222222222222222
3 0.5609375 0.396875 0.03828125 0.12569444444444444
1 0.490234375 0.2142361111111111 0.05390625 0.26875