6 0.186279296875 0.15098468271334792 0.06494140625 0.13858497447118892
6 0.3564453125 0.42414296134208607 0.05078125 0.13202042304886943
8 0.235107421875 0.7855579868708972 0.07177734375 0.1560904449307075
8 0.35205078125 0.32567469000729393 0.0595703125 0.13347921225382933
10 0.34521484375 0.14514952589350838 0.0634765625 0.17359591539022612
7 0.16162109375 0.4077315827862874 0.078125 0.19839533187454414
11 0.19677734375 0.09080962800875274 0.0595703125 0.1261852662290299
9 0.413818359375 0.08315098468271334 0.04638671875 0.10795040116703136
9 0.249755859375 0.6663019693654267 0.05517578125 0.11305616338439095
9 0.26025390625 0.43727206418672504 0.0595703125 0.10722100656455143
9 0.260498046875 0.3388037928519329 0.05224609375 0.10867979576951131
9 0.275390625 0.16411378555798686 0.05078125 0.1137855579868709
0 0.59765625 0.16083150984682712 0.05078125 0.14660831509846828
0 0.358154296875 0.5390226112326769 0.05517578125 0.14296134208606856
2 0.441162109375 0.7782640408460978 0.06689453125 0.15317286652078774
2 0.59521484375 0.33552151714077316 0.0576171875 0.1415025528811087
1 0.76904296875 0.2935813274981765 0.080078125 0.1976659372720642
5 0.5703125 0.08023340627279359 0.05078125 0.12253829321663019
5 0.7900390625 0.4365426695842451 0.0703125 0.12910284463894967
3 0.741943359375 0.7844638949671773 0.06103515625 0.11451495258935084
3 0.685546875 0.34062727935813275 0.046875 0.10940919037199125
3 0.489501953125 0.17213712618526622 0.04248046875 0.10065645514223195
3 0.5146484375 0.26440554339897887 0.0419921875 0.10576221735959154
3 0.60791015625 0.5379285193289569 0.052734375 0.11451495258935084
3 0.54248046875 0.6666666666666666 0.05078125 0.11232676878191102