1 0.767333984375 0.30051057622173594 0.07763671875 0.2013129102844639
2 0.594970703125 0.3384390955506929 0.05517578125 0.14442013129102846
2 0.4404296875 0.7800875273522976 0.06640625 0.15973741794310722
5 0.570068359375 0.0787746170678337 0.05615234375 0.12837345003646974
5 0.522216796875 0.4336250911743253 0.06103515625 0.13785557986870897
3 0.741943359375 0.7815463165572575 0.06201171875 0.12326768781911014
3 0.682861328125 0.3413566739606127 0.05224609375 0.10940919037199125
3 0.608154296875 0.5393873085339168 0.05029296875 0.11597374179431072
3 0.541748046875 0.6630196936542669 0.05810546875 0.1137855579868709
3 0.51513671875 0.26440554339897887 0.0537109375 0.10284463894967177
3 0.49169921875 0.17177242888402625 0.0498046875 0.10867979576951131
0 0.59716796875 0.15937272064186725 0.05078125 0.14952589350838805
0 0.354248046875 0.537563822027717 0.06787109375 0.1487964989059081
10 0.34716796875 0.1473377097009482 0.0576171875 0.1765134938001459
8 0.238037109375 0.788475565280817 0.07275390625 0.16192560175054704
8 0.349365234375 0.3242159008023341 0.06005859375 0.1349380014587892
6 0.35693359375 0.42961342086068566 0.0556640625 0.13858497447118892
6 0.1845703125 0.15061998541210794 0.068359375 0.1422319474835886
11 0.197509765625 0.09226841721371262 0.05615234375 0.12035010940919037
7 0.164306640625 0.4051787016776076 0.07763671875 0.20204230488694383
9 0.41064453125 0.08570386579139315 0.05078125 0.10867979576951131
9 0.27490234375 0.1673960612691466 0.05078125 0.10430342815463166
9 0.260498046875 0.337709700948213 0.04931640625 0.10065645514223195
9 0.259033203125 0.43471918307804525 0.05322265625 0.11086797957695113
9 0.24951171875 0.6666666666666666 0.05859375 0.11524434719183078