4 0.595458984375 0.29686360320933625 0.07275390625 0.17067833698030635
1 0.786865234375 0.36980306345733044 0.08740234375 0.199854121079504
5 0.83837890625 0.725382932166302 0.076171875 0.15244347191830782
5 0.583984375 0.061269146608315096 0.052734375 0.11086797957695113
2 0.589599609375 0.13420860685630925 0.06298828125 0.12983223924142961
2 0.442138671875 0.3927789934354486 0.06689453125 0.14077315827862874
3 0.666015625 0.14587892049598833 0.0458984375 0.10065645514223195
3 0.677001953125 0.22939460247994164 0.04638671875 0.10576221735959154
3 0.69873046875 0.40189642596644787 0.0498046875 0.11816192560175055
3 0.625244140625 0.5025528811086798 0.05615234375 0.11086797957695113
3 0.515625 0.30051057622173594 0.05078125 0.1050328227571116
3 0.519775390625 0.06601021152443472 0.04931640625 0.10722100656455143
10 0.361328125 0.2950401167031364 0.0732421875 0.1699489423778264
6 0.2578125 0.38037928519328956 0.0654296875 0.15098468271334792
11 0.3642578125 0.18964259664478483 0.0595703125 0.13712618526622902
11 0.16455078125 0.6010211524434719 0.076171875 0.15317286652078774
7 0.16748046875 0.36725018234865064 0.080078125 0.2049598832968636
11 0.203857421875 0.054339897884755656 0.06494140625 0.10867979576951131
11 0.2509765625 0.7407002188183808 0.076171875 0.1422319474835886
9 0.281982421875 0.05689277899343545 0.04931640625 0.10065645514223195
9 0.2626953125 0.6145149525893508 0.056640625 0.11597374179431072
9 0.288330078125 0.21845368344274252 0.05615234375 0.11305616338439095
9 0.43505859375 0.3016046681254559 0.05078125 0.10722100656455143
9 0.446533203125 0.7370532458059811 0.05712890625 0.12180889861415026