2 0.58984375 0.13274981765134938 0.0537109375 0.12691466083150985
2 0.441162109375 0.39095550692924874 0.05419921875 0.1400437636761488
0 0.7099609375 0.6141502552881108 0.0625 0.13420860685630925
0 0.758544921875 0.21991247264770242 0.05419921875 0.1349380014587892
1 0.79052734375 0.36943836615609044 0.07421875 0.1976659372720642
5 0.838134765625 0.7326768781911014 0.07373046875 0.14514952589350838
5 0.587158203125 0.06309263311451495 0.04931640625 0.11451495258935084
4 0.59912109375 0.2924872355944566 0.056640625 0.16630196936542668
3 0.663330078125 0.14405543398978848 0.04345703125 0.09409190371991247
3 0.675048828125 0.23048869438366157 0.04541015625 0.10065645514223195
3 0.707763671875 0.5065645514223195 0.05322265625 0.09846827133479212
3 0.69873046875 0.4011670313639679 0.0458984375 0.10065645514223195
3 0.6171875 0.6177972283005105 0.052734375 0.11232676878191102
3 0.64404296875 0.7414296134208607 0.05078125 0.11305616338439095
3 0.517822265625 0.06601021152443472 0.04248046875 0.09555069292487235
3 0.515380859375 0.3026987600291758 0.04248046875 0.09773887673231219
6 0.362060546875 0.053610503282275714 0.05224609375 0.10722100656455143
7 0.17236328125 0.36579139314369075 0.072265625 0.1962071480671043
6 0.15673828125 0.4865061998541211 0.060546875 0.13274981765134938
10 0.187255859375 0.2786287381473377 0.07080078125 0.17359591539022612
11 0.25439453125 0.7428884026258206 0.06640625 0.13931436907366884
11 0.208740234375 0.05470459518599562 0.05615234375 0.10940919037199125
8 0.165283203125 0.5966447848285923 0.06982421875 0.14296134208606856
8 0.3623046875 0.1976659372720642 0.05078125 0.12983223924142961
9 0.43603515625 0.3026987600291758 0.046875 0.10211524434719182
9 0.427978515625 0.1400437636761488 0.04833984375 0.1050328227571116
9 0.284423828125 0.05725747629467542 0.04345703125 0.10576221735959154
9 0.28173828125 0.2213712618526623 0.0439453125 0.10138584974471189
9 0.273681640625 0.40809628008752735 0.05029296875 0.09846827133479212
9 0.265380859375 0.513493800145879 0.05126953125 0.0962800875273523
9 0.263427734375 0.613420860685631 0.05126953125 0.1050328227571116
9 0.447021484375 0.7312180889861415 0.05224609375 0.10430342815463166