4 0.4671875 0.4829861111111111 0.06015625 0.2534722222222222
5 0.276953125 0.48506944444444444 0.05 0.16597222222222222
5 0.512890625 0.3993055555555556 0.03828125 0.15416666666666667
3 0.337109375 0.39166666666666666 0.0375 0.125
11 0.2736328125 0.1545138888888889 0.042578125 0.14930555555555555
9 0.46015625 0.2642361111111111 0.04140625 0.12430555555555556
11 0.5462890625 0.15555555555555556 0.038671875 0.14305555555555555
3 0.5564453125 0.296875 0.033984375 0.11736111111111111
9 0.2466796875 0.32430555555555557 0.047265625 0.13055555555555556
8 0.21875 0.24270833333333333 0.04609375 0.15763888888888888
10 0.3595703125 0.17256944444444444 0.049609375 0.23402777777777778
8 0.4728515625 0.10659722222222222 0.039453125 0.14791666666666667
6 0.401953125 0.10381944444444445 0.034375 0.18125
2 0.49296875 0.1642361111111111 0.03359375 0.14375
7 0.143359375 0.21215277777777777 0.06796875 0.2798611111111111
6 0.577734375 0.07326388888888889 0.03359375 0.14652777777777778
1 0.6934921875 0.3884513888888889 0.06575 0.307125
0 0.21433593750000002 0.7327777777777779 0.08695312499999999 0.22958333333333336
0 0.5509257812499999 0.7221875 0.060257812499999994 0.2333958333333333
2 0.16834375 0.4292152777777778 0.07151953125 0.1943402777777778