6 0.33515625 0.5114583333333333 0.090625 0.25625
2 0.2486328125 0.38055555555555554 0.073828125 0.20277777777777778
3 0.5556640625 0.1329861111111111 0.041015625 0.15347222222222223
11 0.156640625 0.4 0.08515625 0.20277777777777778
11 0.559375 0.5100694444444445 0.0734375 0.22291666666666668
8 0.2130859375 0.5291666666666667 0.094921875 0.2111111111111111
3 0.2712890625 0.196875 0.056640625 0.14097222222222222
9 0.3595703125 0.27395833333333336 0.057421875 0.15902777777777777
8 0.6609375 0.3315972222222222 0.06484375 0.23402777777777778
2 0.7439453125 0.10069444444444445 0.051171875 0.19027777777777777
5 0.385546875 0.075 0.053125 0.15
10 0.453515625 0.3190972222222222 0.09375 0.3159722222222222
7 0.7708984375 0.253125 0.088671875 0.38958333333333334
6 0.0359375 0.559375 0.071875 0.2048611111111111