5 0.427734375 0.36215277777777777 0.03828125 0.15069444444444444
5 0.589453125 0.5847222222222223 0.05546875 0.15694444444444444
2 0.6056640625 0.759375 0.066015625 0.17847222222222223
11 0.2482421875 0.8322916666666667 0.067578125 0.1951388888888889
2 0.1822265625 0.45381944444444444 0.058203125 0.16875
11 0.14375 0.39131944444444444 0.05078125 0.16597222222222222
3 0.30625 0.353125 0.03515625 0.12152777777777778
3 0.4802734375 0.5774305555555556 0.041015625 0.13125
6 0.1453125 0.6107638888888889 0.06953125 0.21736111111111112
0 0.7642578125 0.5131944444444444 0.063671875 0.1875
0 0.6296875 0.25729166666666664 0.0453125 0.17430555555555555
9 0.3044921875 0.48333333333333334 0.042578125 0.13194444444444445
8 0.3982421875 0.825 0.061328125 0.20416666666666666
8 0.097265625 0.5142361111111111 0.05390625 0.17847222222222223
1 0.391796875 0.1486111111111111 0.0484375 0.24861111111111112
4 0.5400390625 0.33958333333333335 0.058984375 0.23472222222222222
6 0.0271484375 0.35833333333333334 0.053515625 0.20833333333333334
7 0.464453125 0.8673611111111111 0.078125 0.2638888888888889
10 0.28307812499999996 0.5979236111111111 0.06665625 0.2597013888888889