10 0.46015625 0.5215277777777778 0.0546875 0.11527777777777778
11 0.7263671875 0.5395833333333333 0.043359375 0.09583333333333334
6 0.5896484375 0.5395833333333333 0.037890625 0.09861111111111111
9 0.3443359375 0.41909722222222223 0.037890625 0.07291666666666667
9 0.5271484375 0.41770833333333335 0.034765625 0.07847222222222222
7 0.52265625 0.5253472222222222 0.05078125 0.1284722222222222
9 0.7236328125 0.4371527777777778 0.040234375 0.08402777777777778
6 0.3982421875 0.5159722222222223 0.049609375 0.09166666666666666
9 0.40703125 0.41909722222222223 0.03359375 0.07291666666666667
9 0.46328125 0.43194444444444446 0.0328125 0.07222222222222222
9 0.655859375 0.42430555555555555 0.03515625 0.08194444444444444
9 0.5939453125 0.4236111111111111 0.033984375 0.07777777777777778
8 0.33671875 0.5302083333333333 0.0421875 0.09652777777777778
11 0.273046875 0.5354166666666667 0.0515625 0.0875
8 0.656640625 0.5350694444444445 0.040625 0.09375
9 0.2796875 0.42951388888888886 0.0421875 0.07430555555555556