5 0.9056640625 0.4840277777777778 0.052734375 0.1361111111111111
2 0.5572265625 0.8256944444444444 0.048046875 0.14722222222222223
0 0.62109375 0.7270833333333333 0.04609375 0.19027777777777777
3 0.4361328125 0.7864583333333334 0.038671875 0.1284722222222222
3 0.5677734375 0.6649305555555556 0.033203125 0.11597222222222223
3 0.8517578125 0.4215277777777778 0.038671875 0.10972222222222222
9 0.3833984375 0.33090277777777777 0.037890625 0.11041666666666666
9 0.2638671875 0.39618055555555554 0.044140625 0.11180555555555556
9 0.6251953125 0.1597222222222222 0.034765625 0.10277777777777777
3 0.5109375 0.7076388888888889 0.03671875 0.11944444444444445
7 0.4029296875 0.18611111111111112 0.038671875 0.21944444444444444
10 0.4564453125 0.1673611111111111 0.038671875 0.19166666666666668
4 0.6875 0.6631944444444444 0.065625 0.225
9 0.4412109375 0.2982638888888889 0.037109375 0.1076388888888889
11 0.23359375 0.33229166666666665 0.0390625 0.13125
9 0.5353515625 0.23229166666666667 0.034765625 0.10486111111111111
6 0.3505859375 0.2420138888888889 0.034765625 0.16180555555555556
9 0.3279296875 0.36701388888888886 0.041796875 0.11180555555555556
9 0.5822265625 0.19826388888888888 0.034765625 0.10208333333333333
6 0.5052734375 0.15868055555555555 0.028515625 0.15347222222222223
11 0.5873046875 0.109375 0.030078125 0.11875
3 0.6251953125 0.6090277777777777 0.037109375 0.12083333333333333
3 0.79765625 0.4701388888888889 0.04375 0.11527777777777778
2 0.848828125 0.5177083333333333 0.04375 0.15208333333333332
0 0.798828125 0.5538194444444444 0.0515625 0.17152777777777778
5 0.4767578125 0.9072916666666667 0.050390625 0.17291666666666666
3 0.692578125 0.5618055555555556 0.04140625 0.12222222222222222
1 0.7462890625 0.5833333333333334 0.062109375 0.24861111111111112
8 0.546484375 0.1329861111111111 0.02734375 0.1284722222222222
8 0.29765625 0.29131944444444446 0.0359375 0.14375
9 0.48872265625000005 0.25321527777777775 0.04989453125 0.10884027777777777