2 0.4427734375 0.21493055555555557 0.043359375 0.1076388888888889
3 0.5654296875 0.21597222222222223 0.030859375 0.09166666666666666
9 0.5041015625 0.3263888888888889 0.037890625 0.09861111111111111
11 0.3416015625 0.5329861111111112 0.054296875 0.11041666666666666
3 0.565625 0.5670138888888889 0.0328125 0.08125
11 0.4533203125 0.12708333333333333 0.041015625 0.11805555555555555
0 0.852734375 0.45521527777777776 0.059375 0.11597222222222223
0 0.7791015625 0.8434027777777777 0.058203125 0.09652777777777778
9 0.4787109375 0.6611111111111111 0.038671875 0.08611111111111111
6 0.3619140625 0.3079861111111111 0.051171875 0.13125
8 0.408984375 0.6611111111111111 0.0484375 0.1
5 0.6349609375 0.3392361111111111 0.040234375 0.1076388888888889
5 0.6224609375 0.690625 0.044921875 0.09930555555555555
1 0.7115234375 0.1111111111111111 0.061328125 0.18333333333333332
8 0.3796875 0.1951388888888889 0.04921875 0.11805555555555555
10 0.4275390625 0.421875 0.058984375 0.14930555555555555
4 0.71155859375 0.4525972222222222 0.08469921875 0.14755555555555555
2 0.54291796875 0.8174236111111111 0.0567421875 0.10636805555555555
7 0.39605859374999997 0.7785833333333334 0.07702734375 0.1518611111111111
6 0.394296875 0.041840277777777775 0.04538671875 0.08368055555555555