4 0.783935546875 0.29431072210065645 0.06787109375 0.15827862873814733
1 0.790283203125 0.37089715536105033 0.07080078125 0.18891320204230488
0 0.75244140625 0.21188913202042306 0.0517578125 0.1363967906637491
5 0.84130859375 0.7341356673960613 0.0693359375 0.13056163384390956
5 0.740478515625 0.06637490882567469 0.04833984375 0.11524434719183078
2 0.442626953125 0.3927789934354486 0.05517578125 0.13056163384390956
2 0.590576171875 0.12946754194018964 0.05029296875 0.1261852662290299
3 0.658447265625 0.06272793581327499 0.04052734375 0.09482129832239242
3 0.667724609375 0.14296134208606856 0.04052734375 0.087527352297593
3 0.67578125 0.2275711159737418 0.04296875 0.09773887673231219
3 0.709716796875 0.5083880379285193 0.05126953125 0.09773887673231219
3 0.698486328125 0.40189642596644787 0.04638671875 0.10065645514223195
3 0.515869140625 0.30087527352297594 0.04150390625 0.09700948212983224
3 0.618896484375 0.6163384390955506 0.04736328125 0.10649161196207148
3 0.64404296875 0.7403355215171408 0.048828125 0.10940919037199125
10 0.189208984375 0.27680525164113784 0.06201171875 0.1699489423778264
7 0.173583984375 0.36287381473377095 0.06591796875 0.19328956965718452
8 0.365478515625 0.19657184536834427 0.04736328125 0.1349380014587892
8 0.169677734375 0.6035740335521517 0.06298828125 0.13785557986870897
6 0.158203125 0.48723559445660103 0.05078125 0.13274981765134938
6 0.192626953125 0.20605397520058352 0.04833984375 0.13347921225382933
9 0.438720703125 0.30196936542669583 0.04052734375 0.09336250911743253
9 0.429443359375 0.13967906637490882 0.04345703125 0.09555069292487235
9 0.2861328125 0.05762217359591539 0.041015625 0.09482129832239242
9 0.283203125 0.22173595915390226 0.0419921875 0.09919766593727207
9 0.27490234375 0.4077315827862874 0.046875 0.10065645514223195
9 0.264892578125 0.5113056163384391 0.04931640625 0.10065645514223195
9 0.263427734375 0.613420860685631 0.04833984375 0.10065645514223195
9 0.448486328125 0.7348650619985412 0.05224609375 0.10576221735959154