1 0.768310546875 0.2975929978118162 0.08154296875 0.20860685630926332
0 0.599609375 0.1586433260393873 0.0576171875 0.14077315827862874
5 0.570556640625 0.07986870897155361 0.05419921875 0.1276440554339898
5 0.5029296875 0.16411378555798686 0.05859375 0.12691466083150985
3 0.68505859375 0.34172137126185265 0.0478515625 0.11159737417943107
3 0.741455078125 0.7840991976659373 0.06298828125 0.11962071480671042
3 0.60791015625 0.5361050328227571 0.0546875 0.12253829321663019
3 0.542236328125 0.662290299051787 0.06201171875 0.12691466083150985
3 0.41748046875 0.17687819110138586 0.0478515625 0.10430342815463166
2 0.4404296875 0.24945295404814005 0.0654296875 0.13712618526622902
2 0.246826171875 0.6396790663749088 0.08056640625 0.15025528811086797
7 0.1640625 0.4073668854850474 0.080078125 0.2049598832968636
6 0.184814453125 0.15171407731582787 0.07177734375 0.14296134208606856
6 0.35595703125 0.424872355944566 0.0673828125 0.14952589350838805
11 0.197509765625 0.09700948212983224 0.06494140625 0.13420860685630925
10 0.344482421875 0.14806710430342815 0.07080078125 0.18088986141502553
8 0.235107421875 0.7888402625820569 0.07763671875 0.16411378555798686
9 0.274658203125 0.162654996353027 0.05322265625 0.1137855579868709
9 0.258544921875 0.33698030634573306 0.05810546875 0.10357403355215171
9 0.25927734375 0.43544857768052514 0.06640625 0.11524434719183078
9 0.35546875 0.5685630926331146 0.0625 0.1261852662290299