5 0.8501953125 0.35381944444444446 0.059765625 0.13541666666666666
5 0.2798828125 0.2899305555555556 0.062890625 0.11458333333333333
3 0.4119140625 0.45 0.043359375 0.09444444444444444
2 0.7552734375 0.33229166666666665 0.054296875 0.13958333333333334
2 0.3501953125 0.30833333333333335 0.056640625 0.13055555555555556
3 0.3396484375 0.4392361111111111 0.045703125 0.09236111111111112
3 0.2609375 0.42118055555555556 0.0484375 0.09097222222222222
3 0.5765625 0.48993055555555554 0.0390625 0.10208333333333333
3 0.4919921875 0.4684027777777778 0.037890625 0.09236111111111112
3 0.728515625 0.5142361111111111 0.04296875 0.10208333333333333
1 0.5017578125 0.3059027777777778 0.058984375 0.19652777777777777
0 0.4234375 0.31631944444444443 0.05390625 0.1423611111111111
0 0.665625 0.33819444444444446 0.04140625 0.1486111111111111
3 0.8333984375 0.5135416666666667 0.045703125 0.09791666666666667
3 0.657421875 0.49583333333333335 0.03828125 0.09166666666666666
4 0.5859375 0.3079861111111111 0.059375 0.1798611111111111