5 0.3099609375 0.29756944444444444 0.048828125 0.13402777777777777
5 0.8318359375 0.3548611111111111 0.050390625 0.14583333333333334
2 0.374609375 0.31319444444444444 0.046875 0.14305555555555555
2 0.74375 0.3375 0.0453125 0.1527777777777778
1 0.51171875 0.2920138888888889 0.05078125 0.23541666666666666
3 0.2841796875 0.40034722222222224 0.042578125 0.10625
4 0.5876953125 0.3003472222222222 0.053515625 0.21041666666666667
3 0.35703125 0.415625 0.03671875 0.10625
3 0.65546875 0.4638888888888889 0.03515625 0.1111111111111111
3 0.42265625 0.425 0.0390625 0.1111111111111111
3 0.5775390625 0.4579861111111111 0.036328125 0.11458333333333333
0 0.661328125 0.33229166666666665 0.03828125 0.17152777777777778
3 0.4986328125 0.4388888888888889 0.032421875 0.10972222222222222
3 0.821484375 0.48194444444444445 0.0421875 0.11805555555555555
3 0.7228515625 0.48020833333333335 0.037890625 0.12013888888888889
0 0.4396484375 0.3125 0.040234375 0.15833333333333333