3 0.4087890625 0.42430555555555555 0.029296875 0.11527777777777778
5 0.3869140625 0.31805555555555554 0.031640625 0.12083333333333333
3 0.5576171875 0.559375 0.034765625 0.12986111111111112
5 0.7681640625 0.596875 0.049609375 0.1840277777777778
3 0.3712890625 0.39444444444444443 0.028515625 0.10694444444444444
3 0.6052734375 0.6072916666666667 0.040234375 0.14097222222222222
3 0.694921875 0.6680555555555555 0.0390625 0.15416666666666667
3 0.5 0.5138888888888888 0.0328125 0.13055555555555556
3 0.3328125 0.3572916666666667 0.02890625 0.10347222222222222
3 0.452734375 0.46770833333333334 0.0296875 0.12152777777777778
2 0.4205078125 0.35138888888888886 0.030859375 0.14027777777777778
2 0.685546875 0.5225694444444444 0.04140625 0.17291666666666666
1 0.5064453125 0.36319444444444443 0.044921875 0.25833333333333336
0 0.4576171875 0.36041666666666666 0.028515625 0.16944444444444445
4 0.5630859375 0.4045138888888889 0.046484375 0.24375
9 0.066796875 0.7524305555555556 0.06171875 0.15902777777777777
0 0.6158203125 0.4708333333333333 0.036328125 0.2
9 0.120703125 0.8190972222222223 0.04921875 0.16458333333333333
6 0.02734375 0.9121527777777778 0.0546875 0.17430555555555555
9 0.164453125 0.9131944444444444 0.0609375 0.17222222222222222
9 0.0185546875 0.621875 0.036328125 0.13819444444444445