5 0.3146484375 0.21354166666666666 0.041015625 0.11875
0 0.6291015625 0.2482638888888889 0.030859375 0.14930555555555555
5 0.7791015625 0.27118055555555554 0.043359375 0.1326388888888889
2 0.7021484375 0.253125 0.037890625 0.13680555555555557
3 0.4833984375 0.3440972222222222 0.030078125 0.10069444444444445
0 0.4333984375 0.22951388888888888 0.039453125 0.14791666666666667
2 0.373046875 0.22708333333333333 0.04140625 0.13194444444444445
3 0.621875 0.36701388888888886 0.03203125 0.10069444444444445
3 0.3578125 0.31805555555555554 0.0328125 0.10138888888888889
3 0.6796875 0.38055555555555554 0.03359375 0.10833333333333334
3 0.553125 0.3607638888888889 0.03046875 0.10347222222222222
3 0.2908203125 0.30625 0.037109375 0.09861111111111111
3 0.4169921875 0.32881944444444444 0.033984375 0.09930555555555555
3 0.76796875 0.38333333333333336 0.0359375 0.10416666666666667
9 0.4873046875 0.9291666666666667 0.046484375 0.10972222222222222
4 0.5646484375 0.21909722222222222 0.042578125 0.18680555555555556
9 0.1587890625 0.8677083333333333 0.059765625 0.1076388888888889
9 0.2431640625 0.8739583333333333 0.054296875 0.10625
9 0.3966796875 0.9298611111111111 0.048828125 0.10833333333333334
1 0.4962890625 0.21145833333333333 0.038671875 0.2076388888888889
9 0.32578125 0.8916666666666667 0.0515625 0.10277777777777777
9 0.5771484375 0.9541666666666667 0.047265625 0.09027777777777778