7 0.1748046875 0.3650619985412108 0.0654296875 0.19474835886214442
1 0.788818359375 0.3690736688548505 0.07177734375 0.18964259664478483
10 0.189453125 0.27716994894237784 0.0634765625 0.17067833698030635
4 0.78369140625 0.29795769511305614 0.0693359375 0.162654996353027
8 0.1669921875 0.6021152443471919 0.0703125 0.1349380014587892
2 0.4443359375 0.3916849015317287 0.0546875 0.13420860685630925
2 0.58935546875 0.1301969365426696 0.046875 0.13347921225382933
6 0.16064453125 0.49015317286652077 0.056640625 0.13274981765134938
8 0.366455078125 0.19547775346462437 0.04736328125 0.13274981765134938
11 0.25537109375 0.7428884026258206 0.060546875 0.13202042304886943
6 0.193359375 0.20277169948942378 0.0498046875 0.13129102844638948
0 0.75048828125 0.21188913202042306 0.0458984375 0.13056163384390956
0 0.70947265625 0.612691466083151 0.056640625 0.12983223924142961
0 0.8408203125 0.7326768781911014 0.0703125 0.12472647702407003
0 0.741943359375 0.06418672501823487 0.04736328125 0.10795040116703136
9 0.449951171875 0.7407002188183808 0.05029296875 0.10722100656455143
3 0.619384765625 0.6148796498905909 0.05126953125 0.10649161196207148
3 0.645751953125 0.7396061269146609 0.04931640625 0.1050328227571116
9 0.2626953125 0.5156819839533188 0.056640625 0.10357403355215171
11 0.208740234375 0.051787016776075855 0.04736328125 0.10357403355215171
9 0.26220703125 0.6167031363967906 0.05859375 0.10284463894967177
9 0.2734375 0.4084609773887673 0.0576171875 0.10065645514223195
9 0.28564453125 0.058351568198395334 0.0419921875 0.10065645514223195
9 0.282958984375 0.22283005105762219 0.04638671875 0.099927060539752
3 0.70849609375 0.5076586433260394 0.0498046875 0.09919766593727207
3 0.51708984375 0.29795769511305614 0.044921875 0.09846827133479212
3 0.67724609375 0.22684172137126185 0.0419921875 0.09773887673231219
9 0.429931640625 0.13931436907366884 0.04150390625 0.09773887673231219
9 0.276123046875 0.30926331145149527 0.04638671875 0.0962800875273523
3 0.666748046875 0.14551422319474835 0.04150390625 0.09263311451495258
3 0.659912109375 0.06163384390955507 0.03857421875 0.09117432530999271
3 0.7001953125 0.40153172866520787 0.046875 0.10576221735959154