4 0.4880859375 0.5822916666666667 0.066796875 0.23680555555555555
3 0.3462890625 0.4496527777777778 0.041015625 0.12291666666666666
3 0.5755859375 0.32083333333333336 0.038671875 0.11944444444444445
9 0.4734375 0.2826388888888889 0.0453125 0.12638888888888888
9 0.2478515625 0.36701388888888886 0.050390625 0.1284722222222222
11 0.2705078125 0.1486111111111111 0.046484375 0.15694444444444444
5 0.2865234375 0.5722222222222222 0.053515625 0.16666666666666666
5 0.53359375 0.4534722222222222 0.04140625 0.15
0 0.5796875 0.875 0.0625 0.19722222222222222
6 0.4072265625 0.08993055555555556 0.037109375 0.1798611111111111
8 0.215625 0.26493055555555556 0.053125 0.16458333333333333
8 0.483984375 0.08298611111111111 0.0421875 0.15208333333333332
0 0.233984375 0.8923611111111112 0.06484375 0.19444444444444445
10 0.3646484375 0.18229166666666666 0.055859375 0.24375
6 0.593359375 0.05763888888888889 0.04140625 0.11527777777777778
7 0.1326171875 0.24583333333333332 0.077734375 0.2833333333333333
1 0.7279296875 0.4378472222222222 0.082421875 0.25763888888888886
2 0.16902734375 0.49187499999999995 0.07601171875 0.19750694444444447
2 0.507375 0.1619375 0.041890625 0.15946527777777778
11 0.56479296875 0.151 0.04424609375 0.1570277777777778