5 0.618359375 0.3625 0.03828125 0.125
5 0.4361328125 0.3072916666666667 0.039453125 0.12152777777777778
11 0.24453125 0.5371527777777778 0.05546875 0.13125
3 0.5439453125 0.4288194444444444 0.032421875 0.10347222222222222
11 0.4822265625 0.7572916666666667 0.053515625 0.14375
9 0.390625 0.4878472222222222 0.04140625 0.10347222222222222
2 0.301953125 0.5510416666666667 0.0515625 0.12986111111111112
10 0.438671875 0.5826388888888889 0.06171875 0.19027777777777777
6 0.339453125 0.6930555555555555 0.0609375 0.15
8 0.2658203125 0.6607638888888889 0.058203125 0.13541666666666666
7 0.64765625 0.6430555555555556 0.05859375 0.2222222222222222
4 0.5138671875 0.21354166666666666 0.046484375 0.1840277777777778
2 0.678515625 0.465625 0.040625 0.13402777777777777
6 0.1380859375 0.6152777777777778 0.073828125 0.1486111111111111
0 0.7091796875 0.1954861111111111 0.037109375 0.14930555555555555
8 0.576953125 0.646875 0.04375 0.15208333333333332
0 0.543796875 0.08950694444444443 0.049125 0.14806944444444445
1 0.3380546875 0.17074305555555555 0.07975 0.20782638888888888
3 0.34195703125 0.3925277777777778 0.04069140625 0.10452083333333333
9 0.586078125 0.5527222222222222 0.044640625 0.10011111111111111