5 0.2642578125 0.3704861111111111 0.058984375 0.09513888888888888
2 0.7259765625 0.43819444444444444 0.049609375 0.10277777777777777
0 0.4078125 0.41597222222222224 0.0546875 0.09305555555555556
2 0.3361328125 0.3975694444444444 0.058203125 0.10347222222222222
3 0.3271484375 0.5253472222222222 0.044921875 0.06875
3 0.397265625 0.5375 0.04296875 0.07083333333333333
3 0.24921875 0.5052083333333334 0.0484375 0.06875
3 0.475390625 0.5604166666666667 0.03671875 0.06666666666666667
3 0.798046875 0.6177083333333333 0.03984375 0.07013888888888889
3 0.698046875 0.6135416666666667 0.040625 0.07430555555555556
3 0.555078125 0.5833333333333334 0.03515625 0.07361111111111111
3 0.6328125 0.5930555555555556 0.0359375 0.06527777777777778
4 0.5646484375 0.4131944444444444 0.055078125 0.12916666666666668
5 0.8169921875 0.46076388888888886 0.056640625 0.09791666666666667
1 0.4833984375 0.41354166666666664 0.057421875 0.1326388888888889
0 0.6385156249999999 0.4403125 0.05109375000000001 0.11659722222222223