5 0.300390625 0.2815972222222222 0.053125 0.13819444444444445
2 0.7548828125 0.31527777777777777 0.047265625 0.15833333333333333
2 0.3666015625 0.29618055555555556 0.047265625 0.14791666666666667
1 0.5123046875 0.2670138888888889 0.052734375 0.25069444444444444
3 0.418359375 0.4097222222222222 0.0375 0.11666666666666667
3 0.3486328125 0.4010416666666667 0.041015625 0.11458333333333333
3 0.2705078125 0.3861111111111111 0.044921875 0.11666666666666667
3 0.496484375 0.42465277777777777 0.03671875 0.11736111111111111
3 0.837109375 0.4642361111111111 0.04375 0.12291666666666666
3 0.7328125 0.4642361111111111 0.04140625 0.12569444444444444
3 0.6625 0.446875 0.03671875 0.11736111111111111
4 0.591796875 0.26805555555555555 0.05234375 0.24027777777777778
3 0.5806640625 0.44375 0.036328125 0.12083333333333333
5 0.8466796875 0.33125 0.052734375 0.1527777777777778
0 0.6685546875 0.30833333333333335 0.037109375 0.17777777777777778
0 0.4365234375 0.2934027777777778 0.044140625 0.1701388888888889