5 0.850341796875 0.7837345003646973 0.07177734375 0.13202042304886943
5 0.733154296875 0.08169219547775347 0.05322265625 0.10795040116703136
4 0.70556640625 0.4135667396061269 0.0634765625 0.16921954777534645
1 0.77197265625 0.2990517870167761 0.078125 0.1925601750547046
2 0.816650390625 0.5433989788475565 0.06982421875 0.13129102844638948
2 0.607177734375 0.3413566739606127 0.05908203125 0.13274981765134938
0 0.74169921875 0.15681983953318746 0.0546875 0.13420860685630925
0 0.52001953125 0.3311451495258935 0.046875 0.13566739606126915
3 0.743408203125 0.7866520787746171 0.05810546875 0.11305616338439095
3 0.682861328125 0.3439095550692925 0.04443359375 0.10284463894967177
3 0.57568359375 0.1765134938001459 0.0439453125 0.10795040116703136
3 0.50732421875 0.08825674690007294 0.0419921875 0.10065645514223195
3 0.5126953125 0.2636761487964989 0.0419921875 0.10284463894967177
3 0.532470703125 0.44675419401896427 0.04541015625 0.10430342815463166
3 0.599853515625 0.5455871626549964 0.04638671875 0.11086797957695113
3 0.54345703125 0.6681254558716265 0.05078125 0.11962071480671042
7 0.164794921875 0.4051787016776076 0.07373046875 0.19328956965718452
8 0.352783203125 0.33150984682713347 0.05712890625 0.1349380014587892
8 0.160888671875 0.5466812545587163 0.06787109375 0.13202042304886943
11 0.34765625 0.7786287381473377 0.0654296875 0.13931436907366884
11 0.19873046875 0.09044493070751276 0.0498046875 0.11962071480671042
6 0.186279296875 0.15207877461706784 0.05419921875 0.1422319474835886
6 0.144775390625 0.6659372720641867 0.06103515625 0.1400437636761488
10 0.275634765625 0.2213712618526623 0.06689453125 0.16411378555798686
9 0.274169921875 0.16812545587162656 0.04052734375 0.10430342815463166
9 0.261962890625 0.337345003646973 0.04345703125 0.10138584974471189
9 0.4140625 0.08533916849015317 0.04296875 0.10357403355215171
9 0.416748046875 0.24580598103574033 0.04638671875 0.10649161196207148
9 0.260498046875 0.4387308533916849 0.04931640625 0.10284463894967177
9 0.24755859375 0.6688548504741065 0.052734375 0.10795040116703136
9 0.448486328125 0.788475565280817 0.05419921875 0.11524434719183078
9 0.429931640625 0.5605397520058352 0.04931640625 0.11013858497447118