5 0.2794921875 0.2899305555555556 0.062890625 0.11875
3 0.41171875 0.4510416666666667 0.04453125 0.09236111111111112
2 0.3509765625 0.3079861111111111 0.059765625 0.13402777777777777
5 0.8509765625 0.35381944444444446 0.061328125 0.13680555555555557
3 0.2611328125 0.4222222222222222 0.048828125 0.09166666666666666
2 0.755859375 0.33194444444444443 0.053125 0.1361111111111111
3 0.3396484375 0.4388888888888889 0.046484375 0.09444444444444444
3 0.7294921875 0.5149305555555556 0.044140625 0.10347222222222222
3 0.5771484375 0.4913194444444444 0.038671875 0.10347222222222222
3 0.8353515625 0.5107638888888889 0.045703125 0.09652777777777778
3 0.492578125 0.4690972222222222 0.03828125 0.09097222222222222
3 0.658984375 0.49722222222222223 0.03828125 0.09027777777777778
1 0.5017578125 0.3055555555555556 0.061328125 0.19722222222222222
0 0.4234375 0.315625 0.05390625 0.1451388888888889
0 0.66640625 0.33784722222222224 0.0421875 0.15208333333333332
4 0.586328125 0.30868055555555557 0.06015625 0.17708333333333334