11 0.211328125 0.4149305555555556 0.05859375 0.13402777777777777
5 0.6060546875 0.309375 0.039453125 0.1284722222222222
2 0.2669921875 0.4423611111111111 0.048828125 0.1361111111111111
2 0.6578125 0.43020833333333336 0.04296875 0.13402777777777777
3 0.524609375 0.3645833333333333 0.0328125 0.10416666666666667
3 0.3201171875 0.28125 0.039453125 0.10138888888888889
6 0.2947265625 0.596875 0.061328125 0.15208333333333332
9 0.3611328125 0.3951388888888889 0.041015625 0.10694444444444444
11 0.4349609375 0.6909722222222222 0.052734375 0.14027777777777778
7 0.6087890625 0.6086805555555556 0.058203125 0.21597222222222223
6 0.0990234375 0.47430555555555554 0.076171875 0.1527777777777778
8 0.2232421875 0.5454861111111111 0.055859375 0.13541666666666666
10 0.4017578125 0.5034722222222222 0.061328125 0.19166666666666668
9 0.553515625 0.5065972222222223 0.0375 0.1076388888888889
5 0.4232421875 0.21388888888888888 0.038671875 0.12777777777777777
0 0.7139921874999999 0.151 0.05884374999999999 0.1570277777777778
4 0.5088359375 0.13608333333333333 0.048921875 0.20769444444444443
1 0.33151171874999996 0.07743055555555556 0.0557265625 0.15486111111111112
8 0.5367656249999999 0.6012083333333333 0.0475625 0.15244444444444444