9 0.2653984375 0.5825972222222222 0.04525 0.10963194444444445
9 0.3115234375 0.5278611111111111 0.04303515625 0.10221527777777778
9 0.346828125 0.47065972222222224 0.04885546875 0.108375
9 0.40859375 0.37234722222222216 0.03916796875 0.10497916666666665
9 0.4400390625 0.3370208333333333 0.037515625000000004 0.10302083333333333
9 0.48525390625 0.2513472222222222 0.027164062500000002 0.10651388888888888
11 0.21887109374999997 0.5412361111111111 0.040375 0.12413194444444445
8 0.2626953125 0.4752638888888889 0.032960937499999995 0.12793055555555555
8 0.41796875 0.2578125 0.026261718750000003 0.10259027777777777
11 0.44116406250000006 0.22504166666666667 0.02427734375 0.0974375
6 0.29541015625 0.41427777777777774 0.031203124999999998 0.13932638888888887
10 0.36596875 0.3151041666666667 0.03366015625 0.17654166666666665
3 0.55810546875 0.7795138888888888 0.03143359375 0.11122222222222222
3 0.58896484375 0.6944375 0.03678515625 0.11630555555555555
3 0.61318359375 0.6331597222222223 0.03479296875 0.10427777777777777
3 0.63544921875 0.5664930555555555 0.036605468749999995 0.09963888888888889
3 0.66279296875 0.5076388888888889 0.028218749999999997 0.11368055555555555
3 0.68857421875 0.45364583333333336 0.035328125 0.11376388888888889
3 0.71005859375 0.386375 0.034910156250000005 0.08453472222222222
5 0.62939453125 0.8337708333333335 0.0419296875 0.14334027777777777
5 0.78505859375 0.37333333333333335 0.0386015625 0.10991666666666666
2 0.6630859375 0.7339444444444445 0.0420234375 0.13932638888888887
0 0.68310546875 0.6171875 0.03308203125 0.1068263888888889
4 0.71337890625 0.52275 0.0429453125 0.12464583333333334
1 0.72910546875 0.4338472222222222 0.04781640625 0.109
7 0.3279296875 0.3460486111111111 0.04307421875 0.1990208333333333
3 0.72795703125 0.35627777777777775 0.0340390625 0.09311805555555555
9 0.46528515625000005 0.29744444444444446 0.0360390625 0.09419444444444444
9 0.3861875 0.4305625 0.045816406250000004 0.11389583333333332
6 0.39487890625 0.28563194444444445 0.03780859375 0.14002083333333332