2 0.364453125 0.6715277777777777 0.0484375 0.07777777777777778
3 0.5857421875 0.4222222222222222 0.033984375 0.06666666666666667
9 0.6470703125 0.5753472222222222 0.039453125 0.06875
5 0.6587890625 0.31180555555555556 0.044140625 0.08611111111111111
3 0.3591796875 0.4326388888888889 0.041015625 0.058333333333333334
9 0.4345703125 0.5472222222222223 0.043359375 0.06388888888888888
5 0.44453125 0.296875 0.046875 0.08402777777777778
1 0.29921875 0.1486111111111111 0.07421875 0.1388888888888889
8 0.351171875 0.8027777777777778 0.05546875 0.09722222222222222
4 0.52113671875 0.15980555555555556 0.061808593749999995 0.12795138888888888
0 0.7427070312499999 0.05399305555555556 0.048574218749999995 0.10798611111111112
2 0.73801953125 0.44135416666666666 0.0532578125 0.09368749999999999
11 0.2983125 0.6569097222222222 0.05962890625 0.1000625
11 0.57953515625 0.8400208333333334 0.059675781250000004 0.11927083333333334
10 0.5115742187500001 0.6815555555555556 0.0706015625 0.11327083333333335
8 0.6555078125 0.7023819444444445 0.05226953125 0.09940277777777777
7 0.73020703125 0.7067291666666667 0.0610703125 0.13584722222222223
6 0.2178515625 0.7948819444444445 0.07992578125000001 0.08452777777777777
6 0.43453125000000004 0.8255833333333332 0.05867578125 0.08449305555555556