6 0.385546875 0.4822916666666667 0.046875 0.08819444444444445
11 0.2599609375 0.503125 0.050390625 0.08402777777777778
6 0.5763671875 0.5041666666666667 0.037890625 0.09444444444444444
9 0.265625 0.39618055555555554 0.04140625 0.07430555555555556
9 0.448828125 0.3975694444444444 0.03671875 0.07291666666666667
8 0.6412109375 0.4996527777777778 0.042578125 0.09236111111111112
8 0.3216796875 0.4979166666666667 0.047265625 0.09305555555555556
9 0.7080078125 0.39861111111111114 0.037890625 0.08055555555555556
9 0.5791015625 0.3871527777777778 0.033984375 0.07430555555555556
9 0.393359375 0.3857638888888889 0.03515625 0.07013888888888889
9 0.641796875 0.38680555555555557 0.0359375 0.08055555555555556
9 0.5125 0.38125 0.03203125 0.0763888888888889
9 0.3314453125 0.38472222222222224 0.039453125 0.075
11 0.7115234375 0.49930555555555556 0.041796875 0.09027777777777778
10 0.44609375 0.4892361111111111 0.05625 0.11875
7 0.5107421875 0.49201388888888886 0.049609375 0.12152777777777778