2 0.369140625 0.696875 0.04609375 0.14097222222222222
0 0.444140625 0.6430555555555556 0.0359375 0.16111111111111112
6 0.34765625 0.17604166666666668 0.03359375 0.13958333333333334
5 0.2869140625 0.7354166666666667 0.047265625 0.14305555555555555
5 0.777734375 0.5361111111111111 0.046875 0.12638888888888888
3 0.7498046875 0.4652777777777778 0.035546875 0.10416666666666667
3 0.625 0.5104166666666666 0.03046875 0.1
4 0.5123046875 0.6045138888888889 0.049609375 0.20069444444444445
3 0.4876953125 0.5496527777777778 0.029296875 0.10347222222222222
3 0.4234375 0.5784722222222223 0.02578125 0.10277777777777777
3 0.683984375 0.4875 0.02890625 0.09583333333333334
3 0.55703125 0.528125 0.025 0.10347222222222222
3 0.288671875 0.634375 0.03515625 0.10902777777777778
2 0.7111328125 0.5482638888888889 0.045703125 0.13402777777777777
9 0.615625 0.17118055555555556 0.03203125 0.09513888888888888
0 0.6474609375 0.5576388888888889 0.039453125 0.15694444444444444
7 0.39765625 0.13784722222222223 0.03359375 0.1951388888888889
9 0.56640625 0.19305555555555556 0.0328125 0.09583333333333334
9 0.5146484375 0.2111111111111111 0.030078125 0.09722222222222222
9 0.4158203125 0.24479166666666666 0.033203125 0.09652777777777778
9 0.467578125 0.21805555555555556 0.03359375 0.1
3 0.36953125 0.5899305555555555 0.02890625 0.09513888888888888
11 0.23984375 0.2253611111111111 0.0390625 0.11877777777777777
9 0.3025390625 0.2722222222222222 0.041015625 0.10138888888888889
9 0.3578125 0.25625 0.0375 0.10138888888888889
6 0.498828125 0.14166666666666666 0.02890625 0.1375
8 0.2951171875 0.20208333333333334 0.034765625 0.12777777777777777
10 0.4494140625 0.1388888888888889 0.032421875 0.1736111111111111
1 0.5791015625 0.5576388888888889 0.045703125 0.2263888888888889
8 0.54741015625 0.1306875 0.0360390625 0.11084722222222222
11 0.5930117187499999 0.11662499999999999 0.0288203125 0.10771527777777778
9 0.24773046875000002 0.2861944444444445 0.03969921875 0.10538888888888888