9 0.1968515625 0.4128611111111111 0.04018359375 0.0993263888888889
9 0.256640625 0.3862430555555556 0.034652343749999995 0.09715277777777778
9 0.361328125 0.3390138888888889 0.0469921875 0.1020486111111111
9 0.3075703125 0.3633194444444444 0.03126171875 0.09868055555555555
9 0.40771484375 0.3034722222222222 0.0350234375 0.1020486111111111
9 0.4541015625 0.2905347222222222 0.0382734375 0.11070833333333333
9 0.4994140625 0.2663611111111111 0.032308593749999996 0.10156944444444443
9 0.5412109375 0.2375 0.0341328125 0.09569444444444446
11 0.176390625 0.34375 0.0302734375 0.11577777777777777
8 0.235109375 0.3125 0.029417968750000002 0.1229375
6 0.28662109375 0.2805972222222222 0.028015625 0.13389583333333333
7 0.336671875 0.23350694444444445 0.032472656249999995 0.18034027777777778
10 0.38598828125 0.22677777777777777 0.032960937499999995 0.16590972222222222
6 0.43139843750000006 0.21983333333333333 0.025558593750000004 0.1293402777777778
8 0.47021484375 0.20507638888888888 0.022765625 0.10563194444444446
11 0.5119140625 0.18884722222222222 0.032449218749999995 0.11720833333333333
3 0.317921875 0.7723055555555555 0.04033203125 0.10928472222222223
3 0.390625 0.7105069444444444 0.0290390625 0.09564583333333333
3 0.44140625 0.6814236111111112 0.026703125 0.09049305555555556
3 0.49829296875000006 0.6362847222222222 0.03004296875 0.09922916666666666
3 0.55898046875 0.5982708333333333 0.03408203125 0.0877013888888889
3 0.71240234375 0.5055555555555555 0.03854296875 0.09433333333333334
5 0.3415546875 0.8741319444444444 0.0393359375 0.13585416666666666
2 0.41748046875 0.8151041666666666 0.0376875 0.1254375
0 0.47802734375 0.7443611111111111 0.0364375 0.1423611111111111
4 0.54013671875 0.695236111111111 0.0509765625 0.19677083333333334
1 0.59443359375 0.6361249999999999 0.05483203125 0.22394444444444445
0 0.64755859375 0.6140625 0.052554687499999996 0.1657013888888889
2 0.69677734375 0.5950277777777778 0.05074609375 0.14388194444444444
5 0.74892578125 0.5725625 0.04551953125 0.13080555555555556