5 0.466015625 0.8826388888888889 0.04296875 0.15138888888888888
5 0.758984375 0.4600694444444444 0.0375 0.11736111111111111
2 0.5248046875 0.7982638888888889 0.042578125 0.14097222222222222
6 0.26484375 0.3840277777777778 0.03515625 0.14583333333333334
9 0.2580078125 0.4954861111111111 0.035546875 0.09791666666666667
3 0.512890625 0.6732638888888889 0.0296875 0.10625
3 0.553515625 0.615625 0.03125 0.10486111111111111
0 0.567578125 0.70625 0.0375 0.1638888888888889
11 0.16796875 0.4857638888888889 0.04296875 0.12430555555555556
9 0.4646484375 0.3059027777777778 0.030859375 0.09097222222222222
3 0.5982421875 0.5642361111111112 0.029296875 0.09930555555555555
9 0.3046875 0.45069444444444445 0.03515625 0.10138888888888889
9 0.4291015625 0.3371527777777778 0.033984375 0.10069444444444445
0 0.686328125 0.5291666666666667 0.0375 0.15
3 0.47109375 0.7211805555555556 0.03125 0.10902777777777778
11 0.4578125 0.23298611111111112 0.02734375 0.10486111111111111
10 0.352734375 0.30104166666666665 0.03515625 0.1701388888888889
9 0.4966796875 0.26805555555555555 0.029296875 0.09305555555555556
9 0.390234375 0.36666666666666664 0.03359375 0.09444444444444444
9 0.353515625 0.4065972222222222 0.0375 0.11180555555555556
6 0.3953125 0.2878472222222222 0.028125 0.13680555555555557
7 0.3078125 0.3232638888888889 0.040625 0.1951388888888889
3 0.4162109375 0.8055555555555556 0.035546875 0.11805555555555555
9 0.2015625 0.5361111111111111 0.03828125 0.10416666666666667
4 0.6138671875 0.6267361111111112 0.048828125 0.21736111111111112
3 0.709765625 0.42916666666666664 0.0296875 0.1
1 0.6505859375 0.5642361111111112 0.045703125 0.2076388888888889
3 0.6736328125 0.47118055555555555 0.029296875 0.08958333333333333
8 0.42642578125 0.2537361111111111 0.03777734375 0.10432638888888889
8 0.21892187500000002 0.43077083333333327 0.052386718750000005 0.13915277777777776
2 0.72346875 0.4962013888888889 0.04134375 0.13676388888888888