5 0.3365234375 0.28715277777777776 0.050390625 0.14097222222222222
5 0.5458984375 0.2916666666666667 0.041796875 0.14583333333333334
3 0.4712890625 0.37881944444444443 0.036328125 0.12152777777777778
11 0.4369140625 0.7256944444444444 0.063671875 0.1638888888888889
11 0.1341796875 0.5770833333333333 0.073828125 0.1625
2 0.203125 0.5711805555555556 0.06328125 0.15486111111111112
6 0.2607421875 0.7055555555555556 0.076171875 0.18472222222222223
2 0.6205078125 0.3729166666666667 0.044140625 0.15416666666666667
10 0.3673828125 0.5510416666666667 0.079296875 0.23125
6 0.02890625 0.7017361111111111 0.0578125 0.15486111111111112
8 0.1704921875 0.6977083333333334 0.08675390625 0.15389583333333334
8 0.52925 0.5890625 0.06064453125 0.18368055555555557
7 0.6135195312499999 0.5481180555555555 0.06202734375 0.26556944444444447
3 0.23474218750000003 0.4021319444444445 0.06371875 0.10962500000000001
1 0.20955078125 0.1767013888888889 0.08207421875000001 0.2722847222222222
4 0.41216796875000006 0.17183333333333334 0.0576953125 0.20980555555555555
0 0.62259765625 0.117625 0.045816406250000004 0.18210416666666668
0 0.438921875 0.06440972222222222 0.044027343749999996 0.12881944444444443
9 0.2973359375 0.487 0.04986328125 0.12390972222222223