4 0.5244140625 0.6881944444444444 0.048046875 0.19027777777777777
2 0.391015625 0.7840277777777778 0.0453125 0.13333333333333333
5 0.3130859375 0.8333333333333334 0.044921875 0.1375
5 0.766796875 0.5916666666666667 0.04375 0.11527777777777778
6 0.47734375 0.20451388888888888 0.028125 0.13680555555555557
3 0.4341796875 0.6597222222222222 0.029296875 0.09722222222222222
3 0.55859375 0.6003472222222223 0.028125 0.09791666666666667
0 0.6484375 0.6225694444444444 0.0390625 0.14652777777777778
6 0.3291015625 0.246875 0.030078125 0.1326388888888889
3 0.6751953125 0.5496527777777778 0.028515625 0.09236111111111112
3 0.733984375 0.5246527777777777 0.03359375 0.09791666666666667
3 0.304296875 0.7260416666666667 0.03515625 0.10486111111111111
3 0.496484375 0.6246527777777777 0.03203125 0.10069444444444445
3 0.6228515625 0.5763888888888888 0.029296875 0.09444444444444444
9 0.5888671875 0.23194444444444445 0.033203125 0.09166666666666666
9 0.293359375 0.3489583333333333 0.03515625 0.09930555555555555
9 0.2314453125 0.36180555555555555 0.041015625 0.09722222222222222
9 0.345703125 0.33125 0.03359375 0.09722222222222222
9 0.5423828125 0.25763888888888886 0.031640625 0.09027777777777778
9 0.495703125 0.275 0.0328125 0.1
2 0.706640625 0.6100694444444444 0.04765625 0.12291666666666666
9 0.400390625 0.3121527777777778 0.034375 0.10347222222222222
0 0.459375 0.7253472222222223 0.0390625 0.15625
10 0.4296875 0.20208333333333334 0.0328125 0.15833333333333333
9 0.4482421875 0.28680555555555554 0.031640625 0.09444444444444444
3 0.3810546875 0.68125 0.032421875 0.1
11 0.56328125 0.178125 0.03046875 0.10902777777777778
11 0.2220703125 0.296875 0.035546875 0.10902777777777778
7 0.3794921875 0.2107638888888889 0.031640625 0.18819444444444444
1 0.587109375 0.6333333333333333 0.04765625 0.21388888888888888
8 0.5203125 0.18819444444444444 0.0265625 0.1111111111111111
8 0.27712109375 0.277 0.0453671875 0.1203125