6 0.3775390625 0.4440972222222222 0.047265625 0.08680555555555555
6 0.5677734375 0.46597222222222223 0.035546875 0.09166666666666666
9 0.321484375 0.3451388888888889 0.03984375 0.07222222222222222
11 0.7013671875 0.46076388888888886 0.044921875 0.08958333333333333
9 0.3849609375 0.3458333333333333 0.036328125 0.06944444444444445
10 0.4390625 0.44756944444444446 0.05703125 0.11319444444444444
8 0.3154296875 0.4583333333333333 0.043359375 0.09305555555555556
9 0.44140625 0.359375 0.03359375 0.07430555555555556
9 0.6984375 0.35868055555555556 0.04375 0.08125
9 0.5052734375 0.34131944444444445 0.032421875 0.07430555555555556
9 0.2564453125 0.35694444444444445 0.042578125 0.07361111111111111
9 0.6328125 0.34652777777777777 0.034375 0.07916666666666666
9 0.571484375 0.3472222222222222 0.03515625 0.07361111111111111
11 0.252734375 0.46458333333333335 0.04921875 0.08472222222222223
7 0.5029296875 0.45243055555555556 0.050390625 0.12013888888888889
8 0.63359375 0.4576388888888889 0.040625 0.08611111111111111