5 0.7419921875 0.465625 0.034765625 0.11458333333333333
2 0.5115234375 0.8052083333333333 0.042578125 0.13819444444444445
0 0.5533203125 0.7152777777777778 0.037109375 0.1597222222222222
11 0.1537109375 0.5059027777777778 0.044921875 0.12152777777777778
5 0.4546875 0.89375 0.03984375 0.1486111111111111
6 0.25078125 0.40208333333333335 0.0359375 0.14305555555555555
3 0.5833984375 0.5715277777777777 0.027734375 0.09583333333333334
3 0.500390625 0.6854166666666667 0.03203125 0.10972222222222222
3 0.4578125 0.7340277777777777 0.0328125 0.10833333333333334
10 0.3373046875 0.32222222222222224 0.035546875 0.1736111111111111
9 0.4814453125 0.2815972222222222 0.029296875 0.08819444444444445
7 0.29296875 0.34097222222222223 0.04140625 0.19305555555555556
4 0.5978515625 0.6454861111111111 0.048828125 0.19375
9 0.412890625 0.3503472222222222 0.0359375 0.10208333333333333
3 0.4048828125 0.8177083333333334 0.034765625 0.11736111111111111
9 0.4494140625 0.31840277777777776 0.031640625 0.09513888888888888
3 0.537890625 0.6260416666666667 0.02734375 0.09652777777777778
9 0.290625 0.4704861111111111 0.03671875 0.09791666666666667
9 0.3751953125 0.3840277777777778 0.033984375 0.09305555555555556
9 0.244921875 0.5135416666666667 0.03984375 0.09791666666666667
8 0.4111328125 0.27708333333333335 0.027734375 0.1125
9 0.33984375 0.43020833333333336 0.034375 0.09375
3 0.6921875 0.4375 0.03125 0.1
3 0.6572265625 0.4826388888888889 0.029296875 0.09861111111111111
6 0.3798828125 0.30277777777777776 0.028515625 0.13472222222222222
0 0.6712890625 0.5340277777777778 0.037890625 0.15694444444444444
9 0.188671875 0.5565972222222222 0.0421875 0.09930555555555555
1 0.634375 0.5732638888888889 0.05 0.21041666666666667
11 0.443359375 0.25104166666666666 0.0265625 0.10902777777777778
2 0.7033203125 0.5041666666666667 0.035546875 0.12083333333333333