8 0.2373046875 0.7888402625820569 0.0888671875 0.15973741794310722
6 0.438720703125 0.4288840262582057 0.06591796875 0.1575492341356674
10 0.34716796875 0.14843180160466812 0.0615234375 0.18307804522246535
7 0.165283203125 0.3012399708242159 0.07958984375 0.22173595915390226
11 0.194580078125 0.08898614150255288 0.06103515625 0.13129102844638948
9 0.274169921875 0.1714077315827863 0.05322265625 0.10940919037199125
9 0.255126953125 0.33807439824945296 0.05712890625 0.10867979576951131
9 0.259033203125 0.43581327498176514 0.06103515625 0.11159737417943107
9 0.35400390625 0.5561633843909555 0.064453125 0.12180889861415026
1 0.767333984375 0.29686360320933625 0.08837890625 0.21444201312910285
5 0.572021484375 0.08789204959883297 0.05322265625 0.1261852662290299
5 0.351318359375 0.34318016046681254 0.06201171875 0.1363967906637491
2 0.347412109375 0.4365426695842451 0.06787109375 0.14952589350838805
2 0.244873046875 0.6407731582786287 0.06591796875 0.1611962071480671
0 0.50830078125 0.23668854850474105 0.0595703125 0.15536105032822758
3 0.415771484375 0.18016046681254558 0.05126953125 0.10795040116703136
3 0.684326171875 0.3413566739606127 0.05126953125 0.1050328227571116
3 0.607421875 0.5386579139314369 0.056640625 0.12180889861415026
3 0.544677734375 0.6670313639679066 0.05810546875 0.1174325309992706