2 0.621484375 0.6885416666666667 0.0671875 0.17291666666666666
2 0.25390625 0.31666666666666665 0.05 0.1625
3 0.37890625 0.24861111111111112 0.03203125 0.12083333333333333
3 0.52109375 0.4913194444444444 0.0421875 0.1284722222222222
5 0.4935546875 0.2777777777777778 0.040234375 0.15
11 0.274609375 0.6677083333333333 0.06328125 0.18680555555555556
6 0.20234375 0.44479166666666664 0.0609375 0.21041666666666667
9 0.363671875 0.36666666666666664 0.04296875 0.13194444444444445
5 0.626953125 0.5211805555555555 0.05703125 0.15902777777777777
11 0.22578125 0.25416666666666665 0.04375 0.1625
0 0.7068359375 0.21284722222222222 0.048828125 0.17569444444444443
8 0.4123046875 0.6979166666666666 0.060546875 0.19583333333333333
8 0.1693359375 0.35381944444444446 0.047265625 0.16597222222222222
4 0.60390625 0.2743055555555556 0.06171875 0.2361111111111111
0 0.814453125 0.49201388888888886 0.0703125 0.19375
10 0.3328125 0.46458333333333335 0.065625 0.25833333333333336
7 0.4623046875 0.7743055555555556 0.080078125 0.30416666666666664
1 0.47778906250000003 0.09652777777777778 0.048332031250000004 0.19305555555555556
6 0.11580859375000001 0.1968263888888889 0.0711171875 0.19038194444444442