6 0.44091796875 0.4314369073668855 0.0615234375 0.14660831509846828
11 0.43603515625 0.33807439824945296 0.0654296875 0.1349380014587892
10 0.34765625 0.14587892049598833 0.0673828125 0.17943107221006566
8 0.455078125 0.6480671043034282 0.0751953125 0.14660831509846828
9 0.3564453125 0.5612691466083151 0.0546875 0.1276440554339898
9 0.27685546875 0.17031363967906638 0.048828125 0.10576221735959154
9 0.25830078125 0.3362509117432531 0.060546875 0.1137855579868709
7 0.16357421875 0.3037928519328957 0.080078125 0.21079504011670314
5 0.273193359375 0.06965718453683442 0.05712890625 0.12910284463894967
2 0.236572265625 0.6407731582786287 0.08251953125 0.162654996353027
1 0.770263671875 0.29978118161925604 0.08447265625 0.199854121079504
3 0.589111328125 0.3460977388767323 0.05322265625 0.11159737417943107
3 0.428955078125 0.5379285193289569 0.05517578125 0.11597374179431072
3 0.541748046875 0.6659372720641867 0.05810546875 0.1137855579868709