0 0.4423828125 0.7083333333333334 0.033984375 0.15138888888888888
2 0.375390625 0.7732638888888889 0.040625 0.12986111111111112
5 0.2982421875 0.8260416666666667 0.042578125 0.13680555555555557
5 0.7333984375 0.5579861111111111 0.042578125 0.11597222222222223
0 0.62421875 0.5944444444444444 0.04140625 0.1486111111111111
4 0.5052734375 0.6635416666666667 0.048046875 0.18958333333333333
3 0.5333984375 0.5774305555555556 0.026171875 0.09930555555555555
3 0.4138671875 0.6451388888888889 0.029296875 0.10138888888888889
3 0.5953125 0.5503472222222222 0.02890625 0.09375
3 0.28359375 0.7197916666666667 0.034375 0.1076388888888889
6 0.2859375 0.23958333333333334 0.028125 0.14166666666666666
9 0.36171875 0.3038194444444444 0.034375 0.09652777777777778
3 0.4716796875 0.6065972222222222 0.029296875 0.10069444444444445
9 0.454296875 0.2586805555555556 0.0359375 0.10069444444444445
3 0.359375 0.6701388888888888 0.03359375 0.10416666666666667
3 0.6462890625 0.5177083333333333 0.027734375 0.08819444444444445
9 0.192578125 0.35659722222222223 0.0421875 0.09791666666666667
7 0.3365234375 0.19895833333333332 0.036328125 0.1909722222222222
9 0.40859375 0.27291666666666664 0.03203125 0.09583333333333334
3 0.699609375 0.496875 0.03828125 0.11458333333333333
9 0.5466796875 0.2142361111111111 0.035546875 0.09513888888888888
9 0.5005859375 0.2388888888888889 0.033203125 0.09722222222222222
9 0.3056640625 0.31979166666666664 0.037109375 0.10208333333333333
9 0.2521484375 0.34131944444444445 0.035546875 0.10069444444444445
6 0.43515625 0.19027777777777777 0.025 0.1361111111111111
1 0.566015625 0.6079861111111111 0.04921875 0.21180555555555555
8 0.234375 0.26979166666666665 0.03359375 0.12152777777777778
8 0.478125 0.1753472222222222 0.0265625 0.11180555555555556
10 0.3880859375 0.19270833333333334 0.031640625 0.16458333333333333
2 0.681640625 0.5715277777777777 0.05234375 0.1375
11 0.17890625 0.2881944444444444 0.0375 0.1111111111111111
11 0.51875 0.16041666666666668 0.03046875 0.10972222222222222