3 0.5291015625 0.6020833333333333 0.033203125 0.10138888888888889
3 0.3220703125 0.5826388888888889 0.041015625 0.09444444444444444
9 0.373828125 0.6795138888888889 0.04140625 0.10347222222222222
5 0.416796875 0.48993055555555554 0.04140625 0.11875
11 0.2255859375 0.746875 0.059765625 0.13402777777777777
2 0.2845703125 0.75625 0.052734375 0.13333333333333333
5 0.6013671875 0.5270833333333333 0.037109375 0.12361111111111112
6 0.326171875 0.9013888888888889 0.06484375 0.15
11 0.475390625 0.9413194444444445 0.059375 0.11597222222222223
0 0.6841796875 0.3541666666666667 0.033984375 0.14444444444444443
4 0.4919921875 0.38993055555555556 0.050390625 0.1798611111111111
2 0.6650390625 0.6284722222222222 0.039453125 0.13472222222222222
8 0.2494140625 0.8725694444444444 0.060546875 0.13541666666666666
6 0.1177734375 0.8385416666666666 0.076953125 0.14652777777777778
10 0.4244140625 0.7756944444444445 0.067578125 0.19166666666666668
0 0.5179218750000001 0.25981944444444444 0.05205078125 0.14425
1 0.30993359374999996 0.36691666666666667 0.08130859375 0.21131250000000001
7 0.6428125 0.8207708333333333 0.06593750000000001 0.24456944444444445
8 0.56772265625 0.8313472222222222 0.05010546875000001 0.15744444444444444
9 0.5721132812499999 0.7285902777777779 0.04326953125 0.09906944444444445