11 0.2794921875 0.5243055555555556 0.053515625 0.09166666666666666
6 0.40546875 0.5059027777777778 0.0484375 0.09513888888888888
11 0.7345703125 0.5309027777777777 0.044140625 0.09652777777777778
6 0.5970703125 0.53125 0.037109375 0.10555555555555556
9 0.66484375 0.41770833333333335 0.0328125 0.08402777777777778
10 0.4677734375 0.5125 0.058984375 0.12361111111111112
9 0.286328125 0.4184027777777778 0.0421875 0.08125
9 0.6021484375 0.41770833333333335 0.034765625 0.07708333333333334
9 0.41328125 0.4107638888888889 0.0328125 0.07569444444444444
7 0.5322265625 0.515625 0.045703125 0.1284722222222222
9 0.5345703125 0.4097222222222222 0.030859375 0.08055555555555556
9 0.7318359375 0.4326388888888889 0.037109375 0.08333333333333333
9 0.351171875 0.41041666666666665 0.03984375 0.0763888888888889
9 0.4703125 0.42430555555555555 0.03359375 0.0763888888888889
8 0.341015625 0.5177083333333333 0.04140625 0.09652777777777778
8 0.66328125 0.5267361111111111 0.0421875 0.09652777777777778