9 0.1714609375 0.3915138888888889 0.04409765625 0.09482638888888889
9 0.23283593749999998 0.3716527777777777 0.04275390625 0.09926388888888889
9 0.2864765625 0.34544444444444444 0.03381640625 0.0946875
9 0.34140625 0.3243888888888889 0.04203515625 0.10016666666666667
9 0.38959765625 0.29691666666666666 0.03581640625 0.10038888888888889
9 0.4328125 0.27894444444444444 0.042988281249999996 0.09468055555555556
9 0.48046875 0.25685416666666666 0.04299609375 0.09606250000000001
9 0.52255859375 0.23011805555555556 0.034175781249999995 0.0994236111111111
11 0.15258984375 0.32422222222222224 0.030625000000000003 0.11425694444444444
8 0.212890625 0.29470833333333335 0.030378906249999997 0.12359027777777777
6 0.26416015625 0.2621527777777778 0.027953125000000002 0.13530555555555557
7 0.31372265625 0.22005555555555556 0.0335390625 0.18706944444444445
10 0.365234375 0.20941666666666667 0.031921875 0.1645
6 0.41137890625000006 0.2064861111111111 0.025421875 0.13053472222222223
8 0.45044140625000006 0.19238194444444442 0.0238203125 0.10839583333333333
11 0.49072265625 0.17773611111111112 0.025328125 0.10606249999999999
3 0.28833203125 0.7539097222222223 0.0328984375 0.10525
3 0.3620625 0.6966180555555556 0.0305625 0.09635416666666667
3 0.41430859375000006 0.6705763888888889 0.027265624999999998 0.09527083333333333
3 0.46899609375000006 0.6263055555555556 0.029707031249999998 0.09797916666666667
3 0.533203125 0.5876736111111112 0.02346875 0.09998611111111111
3 0.58984375 0.5585972222222222 0.02488671875 0.09369444444444444
3 0.634765625 0.5277777777777778 0.0276328125 0.08463888888888889
3 0.68701171875 0.49956944444444445 0.031984374999999995 0.09830555555555556
5 0.72412109375 0.5581597222222222 0.04303125 0.11447222222222223
5 0.307421875 0.8635416666666667 0.045675781250000005 0.14884722222222221
2 0.3864765625 0.7994791666666666 0.0401015625 0.12608333333333333
0 0.44702343750000006 0.7339444444444445 0.03634765625 0.14594444444444443
0 0.62158203125 0.6057361111111111 0.04718359375 0.15446527777777777
1 0.56806640625 0.6229305555555555 0.05178125 0.20856249999999998
4 0.512109375 0.6797916666666667 0.0559921875 0.2011875
2 0.6708984375 0.5685763888888888 0.04840234375 0.15321527777777777