5 0.300390625 0.2878472222222222 0.05078125 0.13541666666666666
2 0.753125 0.32256944444444446 0.0484375 0.16041666666666668
3 0.3494140625 0.40868055555555555 0.040234375 0.11180555555555556
2 0.3673828125 0.30416666666666664 0.047265625 0.14722222222222223
3 0.4181640625 0.41805555555555557 0.039453125 0.11527777777777778
3 0.272265625 0.39479166666666665 0.04296875 0.11180555555555556
3 0.496875 0.4329861111111111 0.0359375 0.11736111111111111
4 0.591015625 0.2861111111111111 0.053125 0.225
3 0.661328125 0.4583333333333333 0.03671875 0.11527777777777778
0 0.4369140625 0.30277777777777776 0.043359375 0.16944444444444445
1 0.512109375 0.278125 0.05234375 0.24791666666666667
3 0.834765625 0.47152777777777777 0.04296875 0.12222222222222222
3 0.7318359375 0.47291666666666665 0.039453125 0.125
5 0.8447265625 0.340625 0.054296875 0.14930555555555555
3 0.5794921875 0.4510416666666667 0.036328125 0.12013888888888889
0 0.667578125 0.31979166666666664 0.0375 0.17847222222222223