5 0.8705078125 0.5486111111111112 0.048828125 0.13194444444444445
6 0.4787109375 0.2534722222222222 0.027734375 0.14444444444444443
2 0.5416015625 0.8885416666666667 0.048828125 0.15625
10 0.43203125 0.26458333333333334 0.03671875 0.18194444444444444
6 0.3296875 0.33541666666666664 0.03359375 0.15555555555555556
3 0.4962890625 0.7802083333333333 0.037890625 0.11736111111111111
11 0.216796875 0.4270833333333333 0.03359375 0.12638888888888888
0 0.60234375 0.7899305555555556 0.0421875 0.18958333333333333
3 0.42265625 0.8586805555555556 0.0359375 0.1284722222222222
7 0.3802734375 0.2815972222222222 0.037890625 0.21041666666666667
3 0.5494140625 0.7340277777777777 0.033984375 0.11805555555555555
3 0.8173828125 0.49444444444444446 0.036328125 0.10833333333333334
3 0.603515625 0.6743055555555556 0.0359375 0.1111111111111111
3 0.766796875 0.5388888888888889 0.03671875 0.10277777777777777
0 0.7708984375 0.61875 0.048828125 0.16666666666666666
9 0.3630859375 0.4201388888888889 0.036328125 0.10416666666666667
9 0.2458984375 0.49027777777777776 0.037890625 0.10555555555555556
9 0.3087890625 0.45694444444444443 0.036328125 0.10416666666666667
4 0.665234375 0.7309027777777778 0.0609375 0.21319444444444444
11 0.558203125 0.20590277777777777 0.025 0.11875
9 0.594140625 0.2520833333333333 0.034375 0.1
9 0.4623046875 0.3451388888888889 0.033984375 0.10138888888888889
3 0.6658203125 0.6232638888888888 0.035546875 0.10625
9 0.5083984375 0.32048611111111114 0.034765625 0.10486111111111111
9 0.41953125 0.38645833333333335 0.03671875 0.10208333333333333
8 0.2783203125 0.3861111111111111 0.035546875 0.13472222222222222
9 0.552734375 0.2881944444444444 0.0328125 0.10277777777777777
2 0.8208984375 0.5850694444444444 0.055078125 0.14375
8 0.5171875 0.22708333333333333 0.0265625 0.11666666666666667
1 0.7201171875 0.6475694444444444 0.059765625 0.23958333333333334
5 0.46206640625000006 0.9382499999999999 0.0543828125 0.11030555555555556