1 0.769287109375 0.2939460247994165 0.08154296875 0.20277169948942378
5 0.56982421875 0.07950401167031364 0.0595703125 0.12983223924142961
0 0.50732421875 0.23085339168490154 0.0556640625 0.14952589350838805
3 0.419677734375 0.17687819110138586 0.04736328125 0.11597374179431072
3 0.682373046875 0.34172137126185265 0.05126953125 0.11305616338439095
3 0.606689453125 0.5408460977388767 0.05810546875 0.1174325309992706
3 0.539794921875 0.6644784828592268 0.05908203125 0.12253829321663019
2 0.43359375 0.6535375638220278 0.06640625 0.15317286652078774
2 0.23876953125 0.6385849744711889 0.0732421875 0.15536105032822758
10 0.345458984375 0.1473377097009482 0.05908203125 0.175054704595186
11 0.19580078125 0.09117432530999271 0.06640625 0.13274981765134938
7 0.16796875 0.3056163384390955 0.0732421875 0.20277169948942378
8 0.234619140625 0.787746170678337 0.07763671875 0.16046681254558717
6 0.439697265625 0.43180160466812545 0.05908203125 0.1473377097009482
9 0.34619140625 0.3289569657184537 0.0546875 0.11962071480671042
9 0.271728515625 0.1673960612691466 0.04931640625 0.11305616338439095
9 0.259765625 0.337345003646973 0.0478515625 0.11451495258935084
9 0.3544921875 0.5605397520058352 0.056640625 0.12035010940919037