2 0.3603515625 0.5604166666666667 0.046484375 0.08055555555555556
3 0.56875 0.3138888888888889 0.03359375 0.08055555555555556
9 0.4275390625 0.44548611111111114 0.043359375 0.07152777777777777
3 0.3546875 0.34618055555555555 0.040625 0.06736111111111111
5 0.634765625 0.20173611111111112 0.040625 0.10347222222222222
9 0.6296875 0.45208333333333334 0.0375 0.075
11 0.2974609375 0.5628472222222223 0.055078125 0.0798611111111111
6 0.426953125 0.7020833333333333 0.0546875 0.07222222222222222
6 0.2185546875 0.6958333333333333 0.073046875 0.07083333333333333
8 0.6376953125 0.5611111111111111 0.040234375 0.09444444444444444
10 0.4978515625 0.5552083333333333 0.062109375 0.10902777777777778
2 0.7115234375 0.309375 0.039453125 0.10347222222222222
7 0.7109375 0.5569444444444445 0.0546875 0.1125
8 0.347265625 0.6857638888888888 0.05546875 0.0798611111111111
11 0.5683007812499999 0.7021805555555556 0.04871484375 0.08422222222222223
5 0.436875 0.21138888888888888 0.061800781250000006 0.10569444444444444
1 0.2981171875 0.0765625 0.07486328125 0.153125
4 0.5013203125000001 0.07309027777777778 0.06571875 0.14618055555555556