6 0.409375 0.5354166666666667 0.046875 0.09722222222222222
11 0.7302734375 0.5743055555555555 0.040234375 0.09722222222222222
8 0.346484375 0.5489583333333333 0.0484375 0.09930555555555555
10 0.4681640625 0.5444444444444444 0.056640625 0.12361111111111112
11 0.285546875 0.5510416666666667 0.04921875 0.08958333333333333
8 0.66171875 0.5684027777777778 0.040625 0.09652777777777778
9 0.3591796875 0.4444444444444444 0.037109375 0.07361111111111111
6 0.5966796875 0.5684027777777778 0.033984375 0.10486111111111111
9 0.601953125 0.46145833333333336 0.0328125 0.07430555555555556
9 0.419140625 0.44479166666666664 0.03203125 0.07152777777777777
9 0.7298828125 0.4795138888888889 0.033984375 0.08402777777777778
9 0.6634765625 0.4625 0.032421875 0.08194444444444444
9 0.5376953125 0.44930555555555557 0.030859375 0.0763888888888889
9 0.2958984375 0.4517361111111111 0.041015625 0.07291666666666667
9 0.4736328125 0.4625 0.033984375 0.07777777777777778
3 0.505078125 0.017013888888888887 0.02265625 0.034027777777777775
7 0.53022265625 0.5507013888888889 0.05478515625 0.1319375