5 0.2689453125 0.24305555555555555 0.055078125 0.14444444444444443
0 0.4083984375 0.2520833333333333 0.049609375 0.18194444444444444
0 0.6494140625 0.26319444444444445 0.039453125 0.19305555555555556
3 0.237890625 0.34965277777777776 0.046875 0.11736111111111111
2 0.7388671875 0.2659722222222222 0.050390625 0.17222222222222222
3 0.31796875 0.36180555555555555 0.04140625 0.11944444444444445
5 0.8349609375 0.28229166666666666 0.055859375 0.16041666666666668
1 0.486328125 0.22256944444444443 0.0546875 0.2743055555555556
3 0.4703125 0.384375 0.0375 0.12291666666666666
3 0.3890625 0.3701388888888889 0.04140625 0.12222222222222222
3 0.714453125 0.41875 0.0390625 0.13333333333333333
3 0.8232421875 0.4184027777777778 0.044140625 0.13541666666666666
3 0.641796875 0.40520833333333334 0.03671875 0.12569444444444444
2 0.3384765625 0.2569444444444444 0.051953125 0.15833333333333333
3 0.5556640625 0.40243055555555557 0.038671875 0.12708333333333333
4 0.5697265625 0.2309027777777778 0.057421875 0.2423611111111111