5 0.85205078125 0.7436177972283005 0.0751953125 0.1349380014587892
1 0.7392578125 0.6013858497447119 0.08203125 0.20350109409190373
4 0.618408203125 0.2939460247994165 0.06201171875 0.16630196936542668
3 0.6982421875 0.22793581327498177 0.046875 0.10430342815463166
3 0.716064453125 0.4051787016776076 0.05126953125 0.10430342815463166
3 0.639892578125 0.5032822757111597 0.05419921875 0.1050328227571116
3 0.53515625 0.29686360320933625 0.05078125 0.10211524434719182
2 0.458251953125 0.3851203501094092 0.05712890625 0.13420860685630925
6 0.455078125 0.5970094821298323 0.060546875 0.1422319474835886
10 0.378173828125 0.28227571115973743 0.06494140625 0.17359591539022612
7 0.286865234375 0.3570386579139314 0.07177734375 0.19328956965718452
8 0.372802734375 0.4824945295404814 0.06005859375 0.1422319474835886
9 0.455322265625 0.29540481400437635 0.04638671875 0.10065645514223195
9 0.30712890625 0.2024070021881838 0.0458984375 0.10430342815463166
9 0.277587890625 0.6017505470459519 0.05615234375 0.11232676878191102
9 0.30712890625 0.04850474106491612 0.046875 0.09700948212983224
11 0.230712890625 0.04814004376367615 0.05712890625 0.0962800875273523
11 0.657470703125 0.7213712618526623 0.06787109375 0.14587892049598833