5 0.266796875 0.3486111111111111 0.06171875 0.10833333333333334
5 0.834765625 0.42465277777777777 0.059375 0.12152777777777778
3 0.327734375 0.5003472222222223 0.04921875 0.08541666666666667
3 0.24921875 0.4826388888888889 0.05234375 0.08055555555555556
1 0.487890625 0.375 0.06171875 0.175
3 0.3998046875 0.5107638888888889 0.048046875 0.09097222222222222
3 0.4791015625 0.5329861111111112 0.039453125 0.08541666666666667
2 0.7388671875 0.40520833333333334 0.051953125 0.12708333333333333
0 0.410546875 0.38229166666666664 0.0546875 0.12569444444444444
2 0.33828125 0.3684027777777778 0.0609375 0.12569444444444444
3 0.8166015625 0.5861111111111111 0.045703125 0.09027777777777778
3 0.712890625 0.5854166666666667 0.04296875 0.09305555555555556
3 0.5625 0.5576388888888889 0.04140625 0.09027777777777778
4 0.57265625 0.378125 0.059375 0.16180555555555556
3 0.6435546875 0.5645833333333333 0.038671875 0.08055555555555556