5 0.9029296875 0.47708333333333336 0.052734375 0.13472222222222222
2 0.553125 0.8197916666666667 0.04609375 0.14930555555555555
5 0.47109375 0.9038194444444444 0.05390625 0.17291666666666666
6 0.5009765625 0.1527777777777778 0.030078125 0.15138888888888888
3 0.50625 0.703125 0.03671875 0.11875
3 0.4314453125 0.7829861111111112 0.040234375 0.12986111111111112
0 0.6158203125 0.7149305555555555 0.045703125 0.20347222222222222
6 0.346484375 0.23645833333333333 0.034375 0.16180555555555556
3 0.56328125 0.6590277777777778 0.03359375 0.11944444444444445
4 0.68359375 0.6559027777777777 0.06484375 0.22847222222222222
9 0.6224609375 0.15381944444444445 0.034765625 0.10347222222222222
3 0.794140625 0.46631944444444445 0.04296875 0.11458333333333333
0 0.795703125 0.5475694444444444 0.053125 0.17291666666666666
9 0.25859375 0.38958333333333334 0.04375 0.11527777777777778
3 0.621484375 0.5958333333333333 0.03515625 0.10833333333333334
9 0.3236328125 0.3607638888888889 0.041015625 0.11041666666666666
11 0.2296875 0.32569444444444445 0.0390625 0.13472222222222222
3 0.8486328125 0.41597222222222224 0.042578125 0.10833333333333334
7 0.3994140625 0.18055555555555555 0.041015625 0.225
8 0.2927734375 0.2864583333333333 0.034765625 0.1423611111111111
9 0.3791015625 0.3263888888888889 0.037109375 0.1125
9 0.48359375 0.2482638888888889 0.0375 0.1076388888888889
9 0.531640625 0.22361111111111112 0.0375 0.10972222222222222
9 0.578515625 0.190625 0.0359375 0.11041666666666666
2 0.8458984375 0.5145833333333333 0.046484375 0.14305555555555555
8 0.5427734375 0.12708333333333333 0.029296875 0.125
10 0.452734375 0.16354166666666667 0.03828125 0.1951388888888889
11 0.5841796875 0.10659722222222222 0.029296875 0.12569444444444444
3 0.6857421875 0.5565972222222222 0.039453125 0.12430555555555556
9 0.4369140625 0.2934027777777778 0.038671875 0.1076388888888889
1 0.7421875 0.5791666666666667 0.06640625 0.25