5 0.2962890625 0.2513888888888889 0.040234375 0.10555555555555556
5 0.7208984375 0.3017361111111111 0.037890625 0.11458333333333333
3 0.39375 0.3607638888888889 0.03203125 0.08958333333333333
3 0.455078125 0.3729166666666667 0.02890625 0.08888888888888889
2 0.6513671875 0.28368055555555555 0.036328125 0.12152777777777778
3 0.2763671875 0.3392361111111111 0.033984375 0.08680555555555555
3 0.3392578125 0.35104166666666664 0.031640625 0.09097222222222222
3 0.6318359375 0.40347222222222223 0.030078125 0.09305555555555556
3 0.5806640625 0.3909722222222222 0.026953125 0.0875
3 0.7103515625 0.4041666666666667 0.031640625 0.09027777777777778
3 0.5181640625 0.3885416666666667 0.028515625 0.09236111111111112
0 0.40625 0.26493055555555556 0.0359375 0.13125
1 0.4646484375 0.24791666666666667 0.040234375 0.18055555555555555
9 0.3857421875 0.9152777777777777 0.043359375 0.09583333333333334
0 0.5859375 0.2847222222222222 0.0296875 0.13472222222222222
9 0.4654296875 0.9107638888888889 0.041015625 0.09513888888888888
9 0.246875 0.8711805555555555 0.04921875 0.09375
9 0.169921875 0.8694444444444445 0.05234375 0.09166666666666666
9 0.3203125 0.884375 0.04375 0.08680555555555555
9 0.544921875 0.9357638888888888 0.0421875 0.09652777777777778
2 0.3513671875 0.2635416666666667 0.042578125 0.12152777777777778
9 0.701953125 0.96875 0.04296875 0.06111111111111111
4 0.5275390625 0.25833333333333336 0.039453125 0.16111111111111112
9 0.61937109375 0.9427291666666666 0.05124609375 0.10004166666666667