5 0.7310546875 0.2972222222222222 0.039453125 0.12361111111111112
5 0.2962890625 0.24131944444444445 0.039453125 0.11041666666666666
2 0.659375 0.2809027777777778 0.0359375 0.12569444444444444
3 0.3390625 0.3451388888888889 0.03046875 0.09027777777777778
2 0.3529296875 0.2569444444444444 0.042578125 0.12222222222222222
3 0.4578125 0.3684027777777778 0.02734375 0.09236111111111112
3 0.3943359375 0.3545138888888889 0.031640625 0.09236111111111112
4 0.532421875 0.2513888888888889 0.04375 0.17222222222222222
3 0.586328125 0.38993055555555556 0.0296875 0.09097222222222222
0 0.59296875 0.27847222222222223 0.0296875 0.1375
3 0.6400390625 0.4017361111111111 0.030859375 0.09652777777777778
3 0.27578125 0.33194444444444443 0.03515625 0.08888888888888889
3 0.5224609375 0.38506944444444446 0.028515625 0.09652777777777778
3 0.7201171875 0.4045138888888889 0.032421875 0.09236111111111112
0 0.408984375 0.259375 0.0375 0.13402777777777777
9 0.2396484375 0.8753472222222223 0.051171875 0.09652777777777778
9 0.3142578125 0.8909722222222223 0.047265625 0.09305555555555556
9 0.46484375 0.9197916666666667 0.0421875 0.09791666666666667
9 0.1603515625 0.871875 0.056640625 0.09791666666666667
9 0.3826171875 0.9243055555555556 0.044140625 0.09861111111111111
1 0.469140625 0.2423611111111111 0.03828125 0.18888888888888888
9 0.5474609375 0.9489583333333333 0.042578125 0.09652777777777778