11 0.2515625 0.47465277777777776 0.04921875 0.07708333333333334
8 0.621875 0.4673611111111111 0.04140625 0.08194444444444444
7 0.4962890625 0.46319444444444446 0.045703125 0.10694444444444444
9 0.435546875 0.36736111111111114 0.034375 0.06944444444444445
9 0.562109375 0.3572916666666667 0.03203125 0.07013888888888889
9 0.6880859375 0.36770833333333336 0.037109375 0.07430555555555556
9 0.31796875 0.35555555555555557 0.03671875 0.06805555555555555
9 0.4982421875 0.35138888888888886 0.034765625 0.07083333333333333
9 0.38046875 0.35555555555555557 0.03515625 0.06666666666666667
8 0.3126953125 0.46944444444444444 0.041796875 0.08611111111111111
9 0.6228515625 0.3576388888888889 0.034765625 0.075
6 0.5587890625 0.4736111111111111 0.033203125 0.08472222222222223
10 0.4333984375 0.45902777777777776 0.050390625 0.10277777777777777
6 0.373046875 0.4527777777777778 0.0453125 0.0763888888888889
9 0.255078125 0.36770833333333336 0.04140625 0.06875
11 0.68984375 0.46944444444444444 0.04140625 0.08194444444444444