4 0.5232421875 0.6881944444444444 0.048828125 0.19027777777777777
5 0.7662109375 0.5930555555555556 0.044140625 0.11527777777777778
2 0.38828125 0.7826388888888889 0.0453125 0.13333333333333333
3 0.4326171875 0.6586805555555556 0.030859375 0.09930555555555555
3 0.675 0.5503472222222222 0.028125 0.09236111111111112
0 0.6478515625 0.6232638888888888 0.037890625 0.14652777777777778
3 0.733984375 0.5263888888888889 0.03515625 0.1
3 0.6220703125 0.5770833333333333 0.029296875 0.09444444444444444
3 0.5580078125 0.6003472222222223 0.026953125 0.09791666666666667
3 0.4943359375 0.6239583333333333 0.030078125 0.10069444444444445
3 0.30234375 0.7225694444444445 0.034375 0.10347222222222222
9 0.590234375 0.23125 0.0328125 0.09166666666666666
2 0.7060546875 0.6111111111111112 0.047265625 0.12361111111111112
6 0.3302734375 0.24583333333333332 0.030859375 0.13333333333333333
9 0.4958984375 0.27291666666666664 0.033984375 0.10138888888888889
9 0.2318359375 0.36041666666666666 0.041015625 0.09722222222222222
9 0.34609375 0.3284722222222222 0.034375 0.1
6 0.4775390625 0.203125 0.027734375 0.13402777777777777
9 0.401171875 0.31006944444444445 0.034375 0.09930555555555555
9 0.2927734375 0.34756944444444443 0.035546875 0.09652777777777778
0 0.457421875 0.725 0.0390625 0.15555555555555556
7 0.3794921875 0.209375 0.030859375 0.18819444444444444
9 0.5431640625 0.25625 0.033203125 0.09305555555555556
3 0.3802734375 0.6784722222222223 0.034765625 0.1
9 0.448828125 0.284375 0.03046875 0.09513888888888888
10 0.43046875 0.2013888888888889 0.03359375 0.15833333333333333
11 0.56484375 0.17777777777777778 0.03046875 0.10972222222222222
11 0.2220703125 0.2934027777777778 0.033984375 0.10625
1 0.585546875 0.6333333333333333 0.046875 0.2152777777777778
8 0.27946484374999997 0.2771736111111111 0.0406796875 0.1234375
8 0.52397265625 0.1872638888888889 0.03603515625 0.10186111111111111
5 0.30944140625 0.826138888888889 0.06470703125 0.14702777777777779