4 0.788330078125 0.287381473377097 0.05908203125 0.14296134208606856
1 0.79248046875 0.36834427425237054 0.078125 0.18234865061998543
0 0.761962890625 0.21553610503282275 0.05126953125 0.1261852662290299
0 0.8037109375 0.49927060539752005 0.05859375 0.1261852662290299
5 0.74609375 0.13347921225382933 0.0546875 0.1137855579868709
5 0.826171875 0.6090444930707513 0.0712890625 0.12983223924142961
5 0.74267578125 0.06673960612691467 0.0478515625 0.10722100656455143
5 0.8388671875 0.7341356673960613 0.07421875 0.1276440554339898
3 0.6591796875 0.06491611962071481 0.041015625 0.09336250911743253
3 0.665283203125 0.1436907366885485 0.04248046875 0.09190371991247265
3 0.675048828125 0.22465353756382203 0.04541015625 0.09482129832239242
3 0.6845703125 0.3037928519328957 0.044921875 0.10576221735959154
3 0.699462890625 0.39897884755652807 0.04150390625 0.10211524434719182
3 0.711669921875 0.5025528811086798 0.04345703125 0.10649161196207148
3 0.725341796875 0.612691466083151 0.04638671875 0.1050328227571116
3 0.7392578125 0.7337709700948213 0.0517578125 0.11524434719183078
10 0.18798828125 0.2789934354485777 0.064453125 0.16411378555798686
7 0.174560546875 0.36433260393873085 0.06787109375 0.19037199124726478
6 0.192626953125 0.20350109409190373 0.05224609375 0.12837345003646974
6 0.15966796875 0.48577680525164113 0.0595703125 0.13712618526622902
8 0.2001953125 0.12910284463894967 0.0546875 0.11816192560175055
8 0.15576171875 0.6203501094091903 0.0673828125 0.1349380014587892
11 0.1435546875 0.7447118891320205 0.0673828125 0.1400437636761488
11 0.208740234375 0.05288110867979577 0.05126953125 0.10576221735959154
9 0.281982421875 0.05689277899343545 0.04638671875 0.087527352297593
9 0.281982421875 0.13822027716994895 0.04736328125 0.09117432530999271
9 0.281005859375 0.22319474835886213 0.04638671875 0.0962800875273523
9 0.273193359375 0.30889861415025527 0.05615234375 0.09846827133479212
9 0.27294921875 0.4110138584974471 0.056640625 0.10430342815463166
9 0.261962890625 0.5120350109409191 0.05810546875 0.09482129832239242
9 0.261474609375 0.6156090444930707 0.06103515625 0.1050328227571116
9 0.25048828125 0.737417943107221 0.060546875 0.10357403355215171