5 0.771484375 0.5875 0.0484375 0.18055555555555555
3 0.4208984375 0.42083333333333334 0.031640625 0.11527777777777778
0 0.6224609375 0.465625 0.035546875 0.20069444444444445
5 0.3990234375 0.31875 0.030859375 0.12916666666666668
3 0.5658203125 0.5506944444444445 0.033984375 0.125
4 0.5716796875 0.403125 0.045703125 0.24097222222222223
3 0.3837890625 0.390625 0.029296875 0.1076388888888889
3 0.346875 0.35555555555555557 0.0296875 0.10555555555555556
3 0.509375 0.5069444444444444 0.03359375 0.12777777777777777
3 0.4625 0.4625 0.03046875 0.11666666666666667
3 0.612109375 0.5961805555555556 0.0390625 0.1423611111111111
0 0.4693359375 0.3579861111111111 0.031640625 0.1701388888888889
2 0.6908203125 0.5163194444444444 0.039453125 0.17152777777777778
2 0.4310546875 0.34791666666666665 0.030078125 0.1388888888888889
1 0.5162109375 0.36215277777777777 0.044140625 0.25763888888888886
3 0.6998046875 0.6552083333333333 0.039453125 0.15486111111111112
6 0.041796875 0.8930555555555556 0.0734375 0.18472222222222223
9 0.08984375 0.73125 0.05859375 0.15416666666666667
9 0.1421875 0.79375 0.04765625 0.1597222222222222
9 0.0375 0.6055555555555555 0.046875 0.13472222222222222
9 0.0658203125 0.6635416666666667 0.044921875 0.1423611111111111
9 0.2291015625 0.9451388888888889 0.048828125 0.10833333333333334