3 0.70071875 0.6726666666666666 0.05364453125 0.17102083333333334
5 0.77099609375 0.5872430555555556 0.04968359375 0.18034027777777778
2 0.69091796875 0.5160625 0.0390625 0.17046527777777779
3 0.50537109375 0.5112847222222222 0.03101953125 0.13129166666666667
3 0.41650390625 0.41818750000000005 0.02981640625 0.11620833333333333
3 0.37915234375 0.3893263888888889 0.026414062500000002 0.10742361111111111
3 0.3427734375 0.35525 0.0283828125 0.102375
5 0.3946796875 0.3151041666666667 0.0333984375 0.1229375
0 0.46484375 0.35954861111111114 0.03669921875 0.1724375
1 0.51357421875 0.3563819444444445 0.04634375 0.2546805555555556
4 0.56591796875 0.40646527777777774 0.040773437499999995 0.24522916666666666
3 0.56201171875 0.5499166666666666 0.03271484375 0.12684722222222222
0 0.6181640625 0.4696180555555556 0.0367109375 0.19542361111111112
3 0.45849609375 0.45877083333333335 0.02948046875 0.11925
3 0.60986328125 0.5963541666666666 0.03726171875 0.13726388888888888
2 0.42925 0.3406666666666667 0.03623828125 0.1493888888888889
9 0.027722656249999998 0.6081180555555556 0.053492187499999996 0.13915972222222223
9 0.0832890625 0.7355069444444445 0.05451171875000001 0.16476388888888888
9 0.13904296875 0.8090972222222221 0.04956640625 0.15916666666666665
9 0.17791015625 0.8972638888888889 0.0484765625 0.16883333333333334
6 0.035546875 0.9022986111111111 0.07108984375 0.18097222222222223