5 0.298046875 0.275 0.05234375 0.1388888888888889
2 0.756640625 0.30833333333333335 0.05078125 0.1625
3 0.268359375 0.38055555555555554 0.0453125 0.11666666666666667
2 0.365234375 0.28888888888888886 0.0484375 0.15138888888888888
3 0.6623046875 0.44166666666666665 0.037890625 0.11944444444444445
3 0.346875 0.3958333333333333 0.04140625 0.11527777777777778
3 0.8392578125 0.45694444444444443 0.043359375 0.12638888888888888
0 0.6681640625 0.303125 0.038671875 0.18263888888888888
3 0.7328125 0.45694444444444443 0.04140625 0.12777777777777777
3 0.416015625 0.403125 0.03984375 0.11875
1 0.5109375 0.26006944444444446 0.05390625 0.2534722222222222
3 0.580078125 0.4375 0.03671875 0.12083333333333333
3 0.495703125 0.41805555555555557 0.03515625 0.11805555555555555
4 0.591015625 0.2635416666666667 0.05390625 0.24097222222222223
5 0.8478515625 0.32395833333333335 0.054296875 0.15486111111111112
0 0.4353515625 0.28715277777777776 0.044921875 0.17291666666666666