5 0.280859375 0.3003472222222222 0.05625 0.15208333333333332
0 0.42109375 0.31979166666666664 0.05 0.17430555555555555
2 0.7548828125 0.33611111111111114 0.051953125 0.16666666666666666
0 0.6642578125 0.3347222222222222 0.041015625 0.1875
4 0.583984375 0.30069444444444443 0.059375 0.23333333333333334
2 0.349609375 0.32013888888888886 0.05390625 0.15694444444444444
3 0.33125 0.4357638888888889 0.04609375 0.11736111111111111
3 0.25078125 0.4201388888888889 0.05 0.11527777777777778
1 0.498828125 0.2916666666666667 0.05625 0.25833333333333336
3 0.83984375 0.4947916666666667 0.04296875 0.12708333333333333
3 0.403125 0.44513888888888886 0.04375 0.11944444444444445
3 0.4857421875 0.46076388888888886 0.037890625 0.12013888888888889
3 0.65703125 0.4826388888888889 0.03984375 0.12083333333333333
3 0.571484375 0.47847222222222224 0.040625 0.125
3 0.73125 0.49756944444444445 0.0421875 0.12986111111111112
5 0.85 0.3524305555555556 0.05703125 0.16180555555555556