9 0.67942578125 0.3920347222222222 0.0404921875 0.08545833333333333
9 0.616015625 0.37777777777777777 0.035328125 0.08250694444444445
9 0.5548828125 0.3819444444444444 0.037484375 0.08017361111111111
9 0.48818359375 0.37573611111111105 0.03874609375 0.08080555555555556
9 0.42798046875000006 0.38984722222222223 0.03846875 0.08789583333333333
9 0.37353515625 0.3767361111111111 0.03869921875 0.06978472222222222
9 0.314890625 0.3825069444444444 0.043875 0.09839583333333334
9 0.24885156249999998 0.3948333333333333 0.0557265625 0.09973611111111111
8 0.30693359375 0.49722222222222223 0.050027343749999995 0.10868749999999999
6 0.36865234375 0.4782986111111111 0.04312109375 0.07345833333333333
6 0.55361328125 0.49566666666666664 0.039566406250000005 0.09953472222222223
7 0.48803906250000006 0.4869791666666667 0.04113671875 0.09597222222222221
8 0.616796875 0.48975694444444445 0.04718359375 0.08535416666666666
11 0.685546875 0.4932361111111111 0.055359375 0.0858125
11 0.2458515625 0.5034722222222222 0.04830859375 0.07220833333333333
10 0.42798046875000006 0.48220833333333335 0.050507812500000006 0.0974375