5 0.74453125 0.4253472222222222 0.05078125 0.15902777777777777
5 0.53046875 0.3232638888888889 0.0375 0.15069444444444444
3 0.6447265625 0.47430555555555554 0.041015625 0.13194444444444445
11 0.2849609375 0.4822916666666667 0.058203125 0.16597222222222222
2 0.3423828125 0.5107638888888889 0.049609375 0.1701388888888889
9 0.4544921875 0.48506944444444444 0.040234375 0.1326388888888889
2 0.8158203125 0.5510416666666667 0.054296875 0.18263888888888888
6 0.1509765625 0.5149305555555556 0.074609375 0.20902777777777778
11 0.530078125 0.7944444444444444 0.06328125 0.2
0 0.86640625 0.29097222222222224 0.05390625 0.1875
8 0.287890625 0.609375 0.0578125 0.1798611111111111
3 0.414453125 0.378125 0.0359375 0.12013888888888889
6 0.366015625 0.6618055555555555 0.06328125 0.21944444444444444
4 0.6314453125 0.24756944444444445 0.050390625 0.23541666666666666
0 0.673828125 0.1482638888888889 0.03515625 0.17152777777777778
8 0.662890625 0.7086805555555555 0.05859375 0.20902777777777778
10 0.4982421875 0.5746527777777778 0.062890625 0.27569444444444446
7 0.7626953125 0.7170138888888888 0.093359375 0.33125
9 0.6869140625 0.6180555555555556 0.037890625 0.1402847222222222
1 0.43804687500000006 0.16559027777777777 0.05945703125 0.25284027777777773