5 0.28515625 0.3038194444444444 0.0578125 0.1423611111111111
4 0.59140625 0.30625 0.05703125 0.22777777777777777
2 0.765234375 0.33819444444444446 0.05078125 0.16666666666666666
0 0.673828125 0.3392361111111111 0.0390625 0.1840277777777778
3 0.337109375 0.4395833333333333 0.04375 0.11527777777777778
3 0.256640625 0.42430555555555555 0.0515625 0.1125
5 0.8640625 0.35868055555555556 0.05859375 0.16041666666666668
2 0.35546875 0.321875 0.05390625 0.15486111111111112
0 0.427734375 0.32222222222222224 0.05234375 0.175
3 0.8509765625 0.5079861111111111 0.046484375 0.1284722222222222
3 0.4103515625 0.45 0.043359375 0.11666666666666667
3 0.4916015625 0.46770833333333334 0.038671875 0.11875
1 0.5068359375 0.2982638888888889 0.056640625 0.2548611111111111
3 0.5798828125 0.4875 0.041015625 0.12222222222222222
3 0.665625 0.4913194444444444 0.04140625 0.12013888888888889
3 0.7400390625 0.509375 0.044921875 0.12986111111111112