5 0.8322265625 0.4545138888888889 0.058984375 0.11875
3 0.3263671875 0.5302083333333333 0.048828125 0.08263888888888889
3 0.3986328125 0.5392361111111111 0.047265625 0.08680555555555555
3 0.2482421875 0.5100694444444445 0.051953125 0.08263888888888889
3 0.8142578125 0.6163194444444444 0.043359375 0.08402777777777778
0 0.408984375 0.41215277777777776 0.05625 0.11736111111111111
5 0.2654296875 0.3767361111111111 0.059765625 0.10625
3 0.4779296875 0.5628472222222223 0.037890625 0.08263888888888889
3 0.71015625 0.6142361111111111 0.04296875 0.08958333333333333
2 0.3369140625 0.3951388888888889 0.063671875 0.13055555555555556
2 0.73671875 0.43472222222222223 0.05234375 0.12361111111111112
3 0.560546875 0.5875 0.04140625 0.09027777777777778
3 0.642578125 0.5954861111111112 0.0375 0.07847222222222222
1 0.4873046875 0.4048611111111111 0.061328125 0.16944444444444445
0 0.6490234375 0.43819444444444444 0.038671875 0.13333333333333333
4 0.569921875 0.40902777777777777 0.05859375 0.15555555555555556