9 0.3916015625 0.4722222222222222 0.033203125 0.08611111111111111
0 0.60859375 0.89375 0.03828125 0.1111111111111111
9 0.3572265625 0.7461805555555555 0.037109375 0.08541666666666667
11 0.2400390625 0.6381944444444444 0.050390625 0.10694444444444444
3 0.448046875 0.38645833333333335 0.02734375 0.08402777777777778
3 0.4365234375 0.6684027777777778 0.029296875 0.0798611111111111
11 0.353125 0.31180555555555556 0.0390625 0.10277777777777777
5 0.481640625 0.7673611111111112 0.03671875 0.1
2 0.3412109375 0.38125 0.038671875 0.09861111111111111
6 0.2669921875 0.45208333333333334 0.045703125 0.12083333333333333
2 0.4078125 0.8756944444444444 0.0453125 0.09722222222222222
4 0.55859375 0.5670138888888889 0.040625 0.1423611111111111
6 0.3033203125 0.215625 0.041796875 0.1284722222222222
0 0.6794921875 0.5840277777777778 0.039453125 0.1125
5 0.50234375 0.48333333333333334 0.0328125 0.1
8 0.2919921875 0.7444444444444445 0.051953125 0.10277777777777777
8 0.287109375 0.36319444444444443 0.0453125 0.10555555555555556
10 0.31871875 0.5389027777777777 0.056703125 0.15553472222222223
7 0.27594921875 0.8391527777777779 0.06489843749999999 0.15918055555555555
1 0.5669375 0.30020833333333335 0.042074218749999996 0.16916666666666666