8 0.3849609375 0.5489583333333333 0.048046875 0.1076388888888889
11 0.7716796875 0.6315972222222223 0.043359375 0.1076388888888889
3 0.6322265625 0.05486111111111111 0.024609375 0.08888888888888889
3 0.575 0.04583333333333333 0.0265625 0.08333333333333333
3 0.6890625 0.05520833333333333 0.025 0.08541666666666667
6 0.4486328125 0.54375 0.048828125 0.1111111111111111
3 0.8052734375 0.060069444444444446 0.027734375 0.08819444444444445
3 0.734375 0.06319444444444444 0.0265625 0.08888888888888889
11 0.3298828125 0.5434027777777778 0.051171875 0.09791666666666667
3 0.4724609375 0.036458333333333336 0.026171875 0.07291666666666667
3 0.51953125 0.03888888888888889 0.028125 0.07777777777777778
6 0.63203125 0.6020833333333333 0.03671875 0.11527777777777778
9 0.6466796875 0.49722222222222223 0.032421875 0.08333333333333333
8 0.7 0.6128472222222222 0.04296875 0.1076388888888889
10 0.505859375 0.5604166666666667 0.05703125 0.1361111111111111
9 0.7767578125 0.5361111111111111 0.036328125 0.08611111111111111
9 0.4072265625 0.4510416666666667 0.035546875 0.08263888888888889
9 0.7083984375 0.5097222222222222 0.030859375 0.08472222222222223
9 0.4630859375 0.46145833333333336 0.027734375 0.0798611111111111
9 0.5794921875 0.48055555555555557 0.030078125 0.08194444444444444
3 0.4197265625 0.03298611111111111 0.026953125 0.06597222222222222
7 0.5662109375 0.5711805555555556 0.052734375 0.15208333333333332
9 0.3453125 0.45 0.0390625 0.08055555555555556
9 0.51567578125 0.4779722222222222 0.04287109375 0.08641666666666667