5 0.7443359375 0.46319444444444446 0.035546875 0.11666666666666667
5 0.4599609375 0.8927083333333333 0.042578125 0.15208333333333332
0 0.5576171875 0.7135416666666666 0.037109375 0.16041666666666668
7 0.2923828125 0.34305555555555556 0.040234375 0.19027777777777777
6 0.2515625 0.4048611111111111 0.03671875 0.14166666666666666
2 0.5171875 0.8027777777777778 0.04375 0.14444444444444443
9 0.4126953125 0.35104166666666664 0.036328125 0.10347222222222222
9 0.2919921875 0.47291666666666665 0.037109375 0.09722222222222222
3 0.503125 0.6836805555555555 0.03046875 0.10902777777777778
3 0.461328125 0.7333333333333333 0.03203125 0.10694444444444444
10 0.3376953125 0.321875 0.035546875 0.16875
9 0.4802734375 0.2826388888888889 0.030078125 0.08888888888888889
11 0.154296875 0.5090277777777777 0.04453125 0.11944444444444445
9 0.448828125 0.3190972222222222 0.03203125 0.09513888888888888
3 0.694140625 0.43506944444444445 0.02890625 0.09791666666666667
9 0.33984375 0.43125 0.03359375 0.09583333333333334
3 0.585546875 0.5694444444444444 0.02734375 0.09583333333333334
9 0.2458984375 0.5163194444444444 0.039453125 0.09652777777777778
8 0.4099609375 0.27881944444444445 0.030078125 0.11319444444444444
9 0.375 0.38472222222222224 0.03125 0.09583333333333334
3 0.541015625 0.6239583333333333 0.02890625 0.10347222222222222
4 0.601171875 0.6430555555555556 0.05078125 0.20277777777777778
9 0.188671875 0.5586805555555555 0.0421875 0.10069444444444445
8 0.208984375 0.4579861111111111 0.03828125 0.12430555555555556
6 0.380078125 0.30486111111111114 0.0296875 0.1361111111111111
3 0.4087890625 0.8180555555555555 0.036328125 0.11805555555555555
3 0.6587890625 0.4791666666666667 0.026953125 0.09444444444444444
11 0.4419921875 0.25243055555555555 0.026953125 0.1076388888888889
2 0.7052734375 0.5027777777777778 0.035546875 0.12222222222222222
1 0.6359375 0.5690972222222223 0.0515625 0.21041666666666667
0 0.6720703125 0.5347222222222222 0.038671875 0.15416666666666667