4 0.782470703125 0.2950401167031364 0.06787109375 0.15536105032822758
1 0.786376953125 0.3676148796498906 0.07177734375 0.18526622902990517
0 0.808837890625 0.49307075127644057 0.05615234375 0.12983223924142961
0 0.753662109375 0.21152443471918309 0.04736328125 0.12545587162654998
2 0.743408203125 0.137490882567469 0.05810546875 0.11013858497447118
2 0.826416015625 0.611962071480671 0.07177734375 0.11962071480671042
5 0.741943359375 0.06528081692195478 0.04638671875 0.10138584974471189
5 0.8388671875 0.7337709700948213 0.0673828125 0.12545587162654998
3 0.73876953125 0.7359591539022611 0.05078125 0.10065645514223195
3 0.723876953125 0.6141502552881108 0.04931640625 0.10065645514223195
3 0.7099609375 0.5087527352297593 0.04296875 0.09555069292487235
3 0.698486328125 0.4051787016776076 0.04443359375 0.09700948212983224
3 0.685791015625 0.3078045222465354 0.04541015625 0.09336250911743253
3 0.67529296875 0.22647702407002188 0.0400390625 0.09555069292487235
3 0.665283203125 0.1462436177972283 0.04150390625 0.08825674690007294
3 0.660888671875 0.06345733041575492 0.03955078125 0.09190371991247265
10 0.19091796875 0.27826404084609774 0.0615234375 0.16557257476294676
7 0.176025390625 0.3636032093362509 0.06396484375 0.19037199124726478
6 0.193603515625 0.20459518599562362 0.04833984375 0.13056163384390956
6 0.16162109375 0.487964989059081 0.0546875 0.12983223924142961
8 0.21142578125 0.12582056892778992 0.05078125 0.1261852662290299
8 0.167236328125 0.6017505470459519 0.06494140625 0.1400437636761488
11 0.1435546875 0.7461706783369803 0.0625 0.13274981765134938
11 0.21044921875 0.05105762217359591 0.0458984375 0.10211524434719182
9 0.287109375 0.05579868708971553 0.0380859375 0.09555069292487235
9 0.28515625 0.137490882567469 0.0419921875 0.08825674690007294
9 0.282470703125 0.225018234865062 0.04150390625 0.09700948212983224
9 0.27685546875 0.3074398249452954 0.0478515625 0.09846827133479212
9 0.27783203125 0.40955506929248725 0.046875 0.09846827133479212
9 0.263916015625 0.5142231947483589 0.05419921875 0.10211524434719182
9 0.2646484375 0.6156090444930707 0.05078125 0.1050328227571116
9 0.25244140625 0.7399708242159008 0.0546875 0.10284463894967177