2 0.291796875 0.7024305555555556 0.05234375 0.13125
11 0.2328125 0.6899305555555556 0.05703125 0.12986111111111112
5 0.6091796875 0.4864583333333333 0.037109375 0.12291666666666666
3 0.330078125 0.5329861111111112 0.040625 0.09236111111111112
3 0.5361328125 0.5579861111111111 0.032421875 0.10208333333333333
9 0.380859375 0.6284722222222222 0.04140625 0.10277777777777777
11 0.4794921875 0.9024305555555555 0.052734375 0.14097222222222222
9 0.5787109375 0.6885416666666667 0.038671875 0.10625
5 0.425390625 0.4427083333333333 0.03984375 0.11875
8 0.2564453125 0.815625 0.058984375 0.13402777777777777
2 0.671484375 0.5888888888888889 0.0390625 0.13472222222222222
8 0.5740234375 0.7809027777777777 0.044921875 0.15069444444444444
6 0.3314453125 0.846875 0.063671875 0.15208333333333332
6 0.126171875 0.7770833333333333 0.0765625 0.14722222222222223
4 0.5013671875 0.34618055555555555 0.048828125 0.18125
10 0.430859375 0.725 0.06640625 0.19166666666666668
0 0.6942734374999999 0.3231736111111111 0.048562499999999995 0.1737986111111111
0 0.5251445312499999 0.22111805555555558 0.04150390625 0.1417986111111111
1 0.32604296875 0.31761805555555556 0.0666640625 0.21265972222222224
7 0.6464257812499999 0.7768611111111111 0.060664062500000004 0.23169444444444443