1 0.77001953125 0.3016046681254559 0.078125 0.19328956965718452
4 0.52099609375 0.424507658643326 0.0634765625 0.17359591539022612
0 0.651611328125 0.08059810357403355 0.05419921875 0.13785557986870897
5 0.7333984375 0.08388037928519329 0.0517578125 0.11524434719183078
5 0.847412109375 0.7840991976659373 0.07861328125 0.13566739606126915
3 0.741455078125 0.7837345003646973 0.06201171875 0.11159737417943107
2 0.638916015625 0.6546316557257477 0.06982421875 0.15098468271334792
2 0.6044921875 0.33916849015317285 0.0576171875 0.13712618526622902
3 0.68408203125 0.3435448577680525 0.0478515625 0.10065645514223195
3 0.578857421875 0.1761487964989059 0.04541015625 0.10138584974471189
3 0.51416015625 0.262217359591539 0.044921875 0.10284463894967177
3 0.607421875 0.5408460977388767 0.0478515625 0.10722100656455143
3 0.542236328125 0.6666666666666666 0.05224609375 0.10940919037199125
3 0.356689453125 0.44930707512764406 0.04736328125 0.09773887673231219
0 0.358642578125 0.5426695842450766 0.05810546875 0.1400437636761488
9 0.2724609375 0.16812545587162656 0.044921875 0.10430342815463166
10 0.27685546875 0.2210065645514223 0.05859375 0.1648431801604668
7 0.162841796875 0.40408460977388766 0.07177734375 0.18964259664478483
8 0.16162109375 0.5441283734500365 0.0732421875 0.13566739606126915
6 0.184326171875 0.15171407731582787 0.06689453125 0.13274981765134938
6 0.14306640625 0.662290299051787 0.064453125 0.13712618526622902
8 0.353515625 0.32713347921225383 0.060546875 0.13056163384390956
11 0.1962890625 0.08643326039387308 0.0634765625 0.1276440554339898
9 0.412841796875 0.08533916849015317 0.04638671875 0.10649161196207148
9 0.417236328125 0.24908825674690008 0.04736328125 0.10722100656455143
9 0.259521484375 0.33807439824945296 0.04931640625 0.10284463894967177
9 0.2578125 0.4390955506929249 0.0546875 0.10357403355215171
9 0.244873046875 0.6670313639679066 0.06005859375 0.11305616338439095
9 0.429443359375 0.5590809628008753 0.04736328125 0.10722100656455143