4 0.78173828125 0.2946754194018964 0.0654296875 0.1575492341356674
1 0.791748046875 0.36688548504741064 0.07373046875 0.18088986141502553
0 0.75146484375 0.21043034281546316 0.0439453125 0.1261852662290299
0 0.805419921875 0.49416484318016046 0.06298828125 0.13202042304886943
2 0.742919921875 0.13274981765134938 0.05419921875 0.12253829321663019
2 0.826171875 0.611597374179431 0.07421875 0.1261852662290299
5 0.741943359375 0.06637490882567469 0.04833984375 0.10940919037199125
5 0.84033203125 0.7355944566010212 0.0703125 0.1276440554339898
3 0.66015625 0.06345733041575492 0.0390625 0.0962800875273523
3 0.6650390625 0.14551422319474835 0.041015625 0.09409190371991247
3 0.6767578125 0.22684172137126185 0.0390625 0.09336250911743253
3 0.685791015625 0.30926331145149527 0.04248046875 0.09773887673231219
3 0.697998046875 0.4011670313639679 0.04541015625 0.09773887673231219
3 0.7109375 0.5072939460247994 0.046875 0.09846827133479212
3 0.723388671875 0.6152443471918307 0.05322265625 0.10284463894967177
3 0.73779296875 0.7323121808898614 0.05078125 0.11232676878191102
10 0.1884765625 0.2800875273522976 0.060546875 0.16630196936542668
7 0.173828125 0.36469730123997085 0.0654296875 0.1911013858497447
6 0.194091796875 0.20204230488694383 0.04736328125 0.13274981765134938
6 0.16064453125 0.4865061998541211 0.0556640625 0.13129102844638948
8 0.2099609375 0.12654996353026987 0.0556640625 0.1261852662290299
8 0.167236328125 0.6028446389496718 0.06591796875 0.13931436907366884
11 0.21044921875 0.051787016776075855 0.044921875 0.10357403355215171
11 0.143310546875 0.7450765864332604 0.06689453125 0.13347921225382933
9 0.286865234375 0.0587162654996353 0.04150390625 0.09409190371991247
9 0.2841796875 0.1389496717724289 0.041015625 0.08971553610503283
9 0.28173828125 0.22428884026258206 0.0390625 0.09555069292487235
9 0.276611328125 0.3070751276440554 0.04345703125 0.0962800875273523
9 0.278564453125 0.40700218818380746 0.04443359375 0.09773887673231219
9 0.26611328125 0.512399708242159 0.046875 0.10138584974471189
9 0.264892578125 0.6159737417943107 0.04931640625 0.10284463894967177
9 0.25390625 0.737782640408461 0.056640625 0.10576221735959154