4 0.6162109375 0.28774617067833697 0.0615234375 0.17578409919766594
8 0.529541015625 0.1261852662290299 0.06494140625 0.15025528811086797
10 0.383056640625 0.2815463165572575 0.07080078125 0.18964259664478483
7 0.28662109375 0.35776805251641136 0.0654296875 0.1976659372720642
9 0.456298828125 0.2924872355944566 0.04736328125 0.10649161196207148
9 0.3876953125 0.13858497447118892 0.0517578125 0.1137855579868709
9 0.278076171875 0.6043034281546317 0.05908203125 0.12180889861415026
9 0.306884765625 0.04923413566739606 0.05224609375 0.09846827133479212
11 0.208740234375 0.19401896425966447 0.06201171875 0.12545587162654998
11 0.654541015625 0.7180889861415025 0.07275390625 0.1436907366885485
2 0.460205078125 0.3898614150255288 0.06591796875 0.14514952589350838
5 0.853515625 0.737782640408461 0.0703125 0.13931436907366884
1 0.737548828125 0.5919037199124726 0.08056640625 0.20204230488694383
3 0.641357421875 0.5054704595185996 0.05517578125 0.11232676878191102
3 0.5341796875 0.29686360320933625 0.0498046875 0.10649161196207148
3 0.697998046875 0.22793581327498177 0.04833984375 0.10722100656455143