9 0.41640625 0.471875 0.0328125 0.08541666666666667
9 0.3890625 0.7513888888888889 0.03671875 0.08472222222222223
3 0.4703125 0.3836805555555556 0.02734375 0.08402777777777778
11 0.2673828125 0.6479166666666667 0.049609375 0.10833333333333334
11 0.373046875 0.3125 0.0390625 0.10555555555555556
3 0.4673828125 0.6680555555555555 0.029296875 0.08194444444444444
2 0.444921875 0.8805555555555555 0.04296875 0.09583333333333334
7 0.3068359375 0.8427083333333333 0.066015625 0.14652777777777778
5 0.528515625 0.4795138888888889 0.03359375 0.09930555555555555
2 0.36328125 0.38298611111111114 0.0375 0.09791666666666667
5 0.51484375 0.7652777777777777 0.0375 0.10277777777777777
8 0.3234375 0.7527777777777778 0.04921875 0.10555555555555556
6 0.2890625 0.4583333333333333 0.04609375 0.12083333333333333
8 0.3078125 0.36701388888888886 0.04453125 0.1076388888888889
10 0.34609375 0.5482638888888889 0.05703125 0.1451388888888889
6 0.3201171875 0.21805555555555556 0.042578125 0.12916666666666668
4 0.5870546875 0.5599027777777777 0.04659375 0.15866666666666665
1 0.5888125 0.2919305555555555 0.039171875 0.16683333333333333
0 0.7072578125 0.5689236111111111 0.04173046875 0.1267361111111111
0 0.6473984374999999 0.8835833333333333 0.0407421875 0.12589583333333332