5 0.2830078125 0.23020833333333332 0.053515625 0.1423611111111111
0 0.422265625 0.2388888888888889 0.046875 0.18333333333333332
0 0.662890625 0.25104166666666666 0.040625 0.18958333333333333
2 0.753515625 0.2569444444444444 0.05078125 0.17222222222222222
3 0.332421875 0.3503472222222222 0.04296875 0.11875
3 0.253515625 0.3350694444444444 0.04921875 0.11875
3 0.8376953125 0.40520833333333334 0.043359375 0.1326388888888889
3 0.484765625 0.371875 0.0375 0.12291666666666666
5 0.847265625 0.2722222222222222 0.05390625 0.1625
3 0.5701171875 0.38993055555555556 0.038671875 0.12708333333333333
3 0.655859375 0.3927083333333333 0.0375 0.12291666666666666
3 0.403125 0.3576388888888889 0.04296875 0.12361111111111112
3 0.728515625 0.4059027777777778 0.04140625 0.13402777777777777
2 0.3509765625 0.24444444444444444 0.049609375 0.15694444444444444
1 0.5001953125 0.20833333333333334 0.051171875 0.26944444444444443
4 0.583203125 0.21840277777777778 0.0578125 0.23958333333333334