5 0.2853515625 0.23298611111111112 0.054296875 0.1423611111111111
0 0.4251953125 0.2423611111111111 0.048828125 0.18333333333333332
0 0.6654296875 0.25381944444444443 0.039453125 0.1909722222222222
2 0.755859375 0.25972222222222224 0.05078125 0.17222222222222222
3 0.335546875 0.35173611111111114 0.04140625 0.12013888888888889
3 0.2556640625 0.3375 0.048828125 0.11944444444444445
4 0.58515625 0.2204861111111111 0.05703125 0.24097222222222223
3 0.4064453125 0.359375 0.040234375 0.12152777777777778
3 0.4876953125 0.37430555555555556 0.036328125 0.12222222222222222
3 0.8400390625 0.40729166666666666 0.042578125 0.13125
3 0.7310546875 0.4079861111111111 0.040234375 0.1326388888888889
2 0.3537109375 0.246875 0.050390625 0.15763888888888888
3 0.6583984375 0.39444444444444443 0.037890625 0.12361111111111112
5 0.8494140625 0.2743055555555556 0.055859375 0.1625
3 0.5728515625 0.3923611111111111 0.037890625 0.12638888888888888
1 0.5025390625 0.2111111111111111 0.054296875 0.26944444444444443