11 0.197998046875 0.08898614150255288 0.05908203125 0.12399708242159008
7 0.166015625 0.3059810357403355 0.0849609375 0.20204230488694383
6 0.185302734375 0.14770240700218817 0.05810546875 0.14514952589350838
10 0.34619140625 0.14551422319474835 0.0693359375 0.18307804522246535
8 0.23486328125 0.7888402625820569 0.0849609375 0.15681983953318746
9 0.272216796875 0.16593727206418674 0.05126953125 0.11159737417943107
9 0.25830078125 0.337345003646973 0.05078125 0.10867979576951131
9 0.259033203125 0.43800145878920493 0.05615234375 0.11305616338439095
9 0.356201171875 0.5619985412107951 0.05908203125 0.11159737417943107
1 0.771240234375 0.2986870897155361 0.08642578125 0.2049598832968636
0 0.597900390625 0.1586433260393873 0.05322265625 0.15098468271334792
5 0.5703125 0.07913931436907366 0.0546875 0.13347921225382933
5 0.5107421875 0.34318016046681254 0.060546875 0.13347921225382933
2 0.24560546875 0.6422319474835886 0.0732421875 0.16411378555798686
2 0.3486328125 0.43690736688548504 0.064453125 0.15171407731582787
3 0.4208984375 0.18271334792122537 0.05078125 0.10722100656455143
3 0.68505859375 0.34208606856309265 0.046875 0.11232676878191102
3 0.52099609375 0.8059810357403355 0.0576171875 0.11816192560175055
3 0.54296875 0.6655725747629467 0.0556640625 0.11451495258935084
3 0.60693359375 0.5390226112326769 0.0546875 0.11816192560175055