6 0.383984375 0.4756944444444444 0.046875 0.0875
9 0.7068359375 0.3909722222222222 0.038671875 0.08055555555555556
8 0.6390625 0.49166666666666664 0.04140625 0.08888888888888889
11 0.258984375 0.49722222222222223 0.04921875 0.08472222222222223
9 0.2642578125 0.38958333333333334 0.041796875 0.07361111111111111
9 0.4474609375 0.3909722222222222 0.035546875 0.07361111111111111
11 0.70859375 0.4930555555555556 0.04453125 0.09166666666666666
6 0.5744140625 0.496875 0.036328125 0.09513888888888888
9 0.3287109375 0.37743055555555555 0.039453125 0.07430555555555556
9 0.391796875 0.37916666666666665 0.03515625 0.06944444444444445
9 0.640234375 0.3798611111111111 0.034375 0.07916666666666666
8 0.32109375 0.49166666666666664 0.0453125 0.08888888888888889
9 0.5109375 0.37430555555555556 0.03203125 0.075
9 0.5775390625 0.3798611111111111 0.033203125 0.0763888888888889
10 0.444140625 0.4798611111111111 0.05546875 0.11805555555555555
7 0.509375 0.4847222222222222 0.046875 0.12083333333333333