2 0.72578125 0.4440972222222222 0.0484375 0.10208333333333333
3 0.328125 0.53125 0.04453125 0.06944444444444445
3 0.39765625 0.5434027777777778 0.04296875 0.06875
0 0.4083984375 0.421875 0.052734375 0.09236111111111112
5 0.2658203125 0.3770833333333333 0.058203125 0.09305555555555556
3 0.476171875 0.5659722222222222 0.03671875 0.06805555555555555
2 0.337109375 0.4027777777777778 0.0609375 0.10416666666666667
5 0.8162109375 0.4666666666666667 0.055859375 0.09861111111111111
3 0.250390625 0.5111111111111111 0.0484375 0.06805555555555555
3 0.798046875 0.6232638888888888 0.040625 0.06875
3 0.55625 0.5899305555555555 0.03515625 0.07430555555555556
3 0.6990234375 0.6197916666666666 0.040234375 0.07430555555555556
3 0.6337890625 0.5989583333333334 0.036328125 0.06458333333333334
0 0.640625 0.4510416666666667 0.03828125 0.09930555555555555
1 0.483984375 0.4197916666666667 0.05546875 0.1326388888888889
4 0.565234375 0.41944444444444445 0.05703125 0.12916666666666668