11 0.197509765625 0.08606856309263311 0.06884765625 0.12691466083150985
11 0.197509765625 0.08606856309263311 0.06884765625 0.12691466083150985
7 0.1640625 0.4048140043763676 0.087890625 0.22319474835886213
10 0.34521484375 0.1462436177972283 0.0673828125 0.18307804522246535
6 0.18408203125 0.15171407731582787 0.0595703125 0.1473377097009482
6 0.35693359375 0.4270605397520058 0.0673828125 0.14952589350838805
8 0.232421875 0.7862873814733771 0.083984375 0.16921954777534645
9 0.27197265625 0.1673960612691466 0.046875 0.12035010940919037
9 0.25830078125 0.33916849015317285 0.0546875 0.10940919037199125
9 0.257080078125 0.43727206418672504 0.05712890625 0.12035010940919037
9 0.356689453125 0.5638220277169949 0.06201171875 0.11962071480671042
1 0.770751953125 0.30342815463165573 0.08447265625 0.21298322392414296
2 0.440185546875 0.7815463165572575 0.07568359375 0.15973741794310722
0 0.599365234375 0.15937272064186725 0.05029296875 0.13931436907366884
2 0.43896484375 0.24580598103574033 0.0634765625 0.13858497447118892
5 0.57080078125 0.08278628738147338 0.0537109375 0.1276440554339898
5 0.502685546875 0.16229029905178702 0.05908203125 0.13202042304886943
3 0.41748046875 0.18016046681254558 0.046875 0.10795040116703136
3 0.744140625 0.7815463165572575 0.0654296875 0.11889132020423049
3 0.68408203125 0.34463894967177244 0.05078125 0.10722100656455143
3 0.606201171875 0.5404814004376368 0.05322265625 0.1137855579868709
3 0.543701171875 0.6644784828592268 0.05712890625 0.11670313639679067