5 0.83935546875 0.7297592997811816 0.076171875 0.15681983953318746
1 0.80712890625 0.487600291757841 0.0869140625 0.2049598832968636
4 0.597900390625 0.2935813274981765 0.06298828125 0.17286652078774617
3 0.677490234375 0.22902990517870167 0.04833984375 0.10940919037199125
3 0.698974609375 0.40299051787016776 0.05322265625 0.10722100656455143
3 0.623046875 0.5029175784099198 0.0546875 0.10867979576951131
3 0.522216796875 0.06309263311451495 0.03466796875 0.09700948212983224
3 0.516845703125 0.30233406272793584 0.04931640625 0.10284463894967177
2 0.442626953125 0.39350838803792854 0.06298828125 0.13785557986870897
8 0.509033203125 0.1349380014587892 0.05224609375 0.13420860685630925
6 0.443115234375 0.5991976659372721 0.05810546875 0.14514952589350838
7 0.26708984375 0.36725018234865064 0.0751953125 0.1962071480671043
10 0.362548828125 0.2913931436907367 0.05908203125 0.18161925601750548
8 0.35595703125 0.4883296863603209 0.0625 0.14514952589350838
11 0.208251953125 0.054339897884755656 0.05322265625 0.10867979576951131
9 0.28369140625 0.055433989788475566 0.046875 0.10065645514223195
9 0.285400390625 0.21553610503282275 0.05029296875 0.10430342815463166
9 0.4375 0.29978118161925604 0.044921875 0.09773887673231219
9 0.4453125 0.7363238512035011 0.0595703125 0.11013858497447118
9 0.2626953125 0.6137855579868708 0.0576171875 0.10867979576951131
11 0.25439453125 0.7425237053245806 0.078125 0.13858497447118892