5 0.861328125 0.3763888888888889 0.0609375 0.1597222222222222
5 0.2849609375 0.3177083333333333 0.058203125 0.13680555555555557
4 0.590234375 0.32256944444444446 0.05859375 0.22152777777777777
3 0.41015625 0.4652777777777778 0.04375 0.11388888888888889
2 0.3560546875 0.3347222222222222 0.057421875 0.15416666666666667
3 0.491796875 0.48125 0.03984375 0.11666666666666667
3 0.2576171875 0.4378472222222222 0.050390625 0.11041666666666666
3 0.3375 0.45416666666666666 0.04453125 0.1111111111111111
3 0.84921875 0.5263888888888889 0.046875 0.12638888888888888
2 0.7630859375 0.35520833333333335 0.053515625 0.16319444444444445
3 0.5791015625 0.5027777777777778 0.039453125 0.11944444444444445
3 0.66484375 0.5079861111111111 0.040625 0.11875
3 0.7390625 0.5284722222222222 0.0453125 0.12638888888888888
1 0.5068359375 0.315625 0.061328125 0.24513888888888888
0 0.672265625 0.35625 0.03984375 0.18194444444444444
0 0.427734375 0.33541666666666664 0.0546875 0.17222222222222222