4 0.34615384615384615 0.19230769230769232 0.42788461538461536 0.19230769230769232 0.42788461538461536 0.37740384615384615 0.34615384615384615 0.37740384615384615
2 0.5048076923076923 0.31971153846153844 0.5817307692307693 0.31971153846153844 0.5817307692307693 0.4639423076923077 0.5048076923076923 0.4639423076923077
6 0.5024038461538461 0.5192307692307693 0.5793269230769231 0.5192307692307693 0.5793269230769231 0.6754807692307693 0.5024038461538461 0.6754807692307693
10 0.59375 0.18990384615384615 0.6658653846153846 0.18990384615384615 0.6658653846153846 0.3701923076923077 0.59375 0.3701923076923077
8 0.7788461538461539 0.5048076923076923 0.8605769230769231 0.5048076923076923 0.8605769230769231 0.6706730769230769 0.7788461538461539 0.6706730769230769
7 0.6826923076923077 0.25721153846153844 0.7668269230769231 0.25721153846153844 0.7668269230769231 0.45913461538461536 0.6826923076923077 0.45913461538461536
11 0.7620192307692307 0 0.8317307692307693 0 0.8317307692307693 0.0985576923076923 0.7620192307692307 0.0985576923076923
11 0.6826923076923077 0.6658653846153846 0.7716346153846154 0.6658653846153846 0.7716346153846154 0.8100961538461539 0.6826923076923077 0.8100961538461539
9 0.6923076923076923 0.5504807692307693 0.7572115384615384 0.5504807692307693 0.7572115384615384 0.6634615384615384 0.6923076923076923 0.6634615384615384
9 0.6802884615384616 0.14903846153846154 0.7403846153846154 0.14903846153846154 0.7403846153846154 0.25961538461538464 0.6802884615384616 0.25961538461538464
9 0.6850961538461539 0 0.7451923076923077 0 0.7451923076923077 0.09615384615384616 0.6850961538461539 0.09615384615384616
9 0.5264423076923077 0.24278846153846154 0.5769230769230769 0.24278846153846154 0.5769230769230769 0.3485576923076923 0.5264423076923077 0.3485576923076923
9 0.4951923076923077 0.6754807692307693 0.5625 0.6754807692307693 0.5625 0.7956730769230769 0.4951923076923077 0.7956730769230769
3 0.4495192307692308 0.002403846153846154 0.5072115384615384 0.002403846153846154 0.5072115384615384 0.10817307692307693 0.4495192307692308 0.10817307692307693
3 0.28125 0.17067307692307693 0.34134615384615385 0.17067307692307693 0.34134615384615385 0.28125 0.28125 0.28125
3 0.30288461538461536 0.08413461538461539 0.3581730769230769 0.08413461538461539 0.3581730769230769 0.18990384615384615 0.30288461538461536 0.18990384615384615
3 0.4423076923076923 0.2403846153846154 0.5024038461538461 0.2403846153846154 0.5024038461538461 0.3485576923076923 0.4423076923076923 0.3485576923076923
3 0.3293269230769231 0.44471153846153844 0.3918269230769231 0.44471153846153844 0.3918269230769231 0.5649038461538461 0.3293269230769231 0.5649038461538461
3 0.25721153846153844 0.34615384615384615 0.31490384615384615 0.34615384615384615 0.31490384615384615 0.46153846153846156 0.25721153846153844 0.46153846153846156
1 0.14903846153846154 0.2620192307692308 0.23798076923076922 0.2620192307692308 0.23798076923076922 0.47115384615384615 0.14903846153846154 0.47115384615384615
5 0.0889423076923077 0.6682692307692307 0.1778846153846154 0.6682692307692307 0.1778846153846154 0.8149038461538461 0.0889423076923077 0.8149038461538461