5 0.2962890625 0.8475694444444445 0.043359375 0.1423611111111111
5 0.7173828125 0.5493055555555556 0.041796875 0.11388888888888889
2 0.3748046875 0.7881944444444444 0.041015625 0.12638888888888888
0 0.43828125 0.71875 0.0359375 0.15138888888888888
3 0.405078125 0.6548611111111111 0.02890625 0.1
3 0.523046875 0.5788194444444444 0.02734375 0.09375
3 0.351953125 0.684375 0.03125 0.10069444444444445
10 0.3599609375 0.2 0.033203125 0.16666666666666666
9 0.3828125 0.28020833333333334 0.0328125 0.09513888888888888
2 0.6654296875 0.5722222222222222 0.047265625 0.125
9 0.1666015625 0.37569444444444444 0.039453125 0.09861111111111111
3 0.628515625 0.5159722222222223 0.0296875 0.08611111111111111
7 0.3087890625 0.2065972222222222 0.034765625 0.1909722222222222
9 0.428515625 0.2642361111111111 0.034375 0.10069444444444445
9 0.3359375 0.3138888888888889 0.034375 0.09305555555555556
9 0.280078125 0.33194444444444443 0.034375 0.09861111111111111
9 0.4740234375 0.2423611111111111 0.033984375 0.09722222222222222
6 0.2572265625 0.24861111111111112 0.028515625 0.14027777777777778
3 0.4607421875 0.6145833333333334 0.028515625 0.1
4 0.5 0.6708333333333333 0.04609375 0.18888888888888888
9 0.226953125 0.35625 0.0359375 0.10138888888888889
8 0.205078125 0.28402777777777777 0.03203125 0.12222222222222222
9 0.516796875 0.21631944444444445 0.0328125 0.09097222222222222
3 0.2767578125 0.7409722222222223 0.035546875 0.10694444444444444
6 0.4068359375 0.19756944444444444 0.026171875 0.13125
3 0.5818359375 0.5496527777777778 0.022265625 0.08958333333333333
8 0.44765625 0.17881944444444445 0.025 0.10902777777777778
0 0.61171875 0.5934027777777777 0.0421875 0.14652777777777778
1 0.5578125 0.6100694444444444 0.046875 0.21041666666666667
11 0.14609375 0.3111111111111111 0.0328125 0.11527777777777778
3 0.68125 0.48680555555555555 0.03203125 0.09861111111111111
11 0.4880859375 0.1642361111111111 0.028515625 0.10486111111111111