3 0.5474609375 0.20347222222222222 0.030078125 0.09305555555555556
2 0.6154296875 0.7652777777777777 0.044140625 0.09166666666666666
9 0.50390625 0.321875 0.03828125 0.09791666666666667
2 0.4302734375 0.23506944444444444 0.040234375 0.11041666666666666
7 0.468359375 0.7729166666666667 0.059375 0.14444444444444443
8 0.3671875 0.23576388888888888 0.046875 0.12430555555555556
3 0.5947265625 0.5256944444444445 0.037890625 0.08472222222222223
11 0.375 0.5684027777777778 0.0546875 0.11458333333333333
11 0.4275390625 0.14756944444444445 0.040234375 0.11180555555555556
5 0.6310546875 0.2934027777777778 0.039453125 0.11180555555555556
9 0.5255859375 0.6416666666666667 0.041015625 0.08611111111111111
5 0.6654296875 0.6163194444444444 0.046484375 0.10625
6 0.3654296875 0.34652777777777777 0.050390625 0.13333333333333333
10 0.44663671875000005 0.4255694444444445 0.06570703125 0.1703888888888889
6 0.35211328124999997 0.06178472222222222 0.06725390625 0.12018055555555555
1 0.6757187499999999 0.08177083333333333 0.05988671875 0.16354166666666667
4 0.71653515625 0.361875 0.06184765625000001 0.17625000000000002
0 0.8340078125 0.7004444444444444 0.062457031249999996 0.13211805555555556
0 0.8472890625 0.3359652777777778 0.06714453125 0.13652083333333334
8 0.46558203125000003 0.6582638888888889 0.0551640625 0.11097916666666667