10 0.6129807692307693 0.0625 0.6850961538461539 0.0625 0.6850961538461539 0.25240384615384615 0.6129807692307693 0.25240384615384615
7 0.7884615384615384 0.31490384615384615 0.8774038461538461 0.31490384615384615 0.8774038461538461 0.5408653846153846 0.7884615384615384 0.5408653846153846
11 0.7668269230769231 0.03125 0.8317307692307693 0.03125 0.8317307692307693 0.16826923076923078 0.7668269230769231 0.16826923076923078
6 0.7764423076923077 0.08413461538461539 0.84375 0.08413461538461539 0.84375 0.2403846153846154 0.7764423076923077 0.2403846153846154
6 0.6033653846153846 0.3629807692307692 0.6754807692307693 0.3629807692307692 0.6754807692307693 0.5216346153846154 0.6033653846153846 0.5216346153846154
8 0.7139423076923077 0.71875 0.8028846153846154 0.71875 0.8028846153846154 0.9038461538461539 0.7139423076923077 0.9038461538461539
9 0.5528846153846154 0.036057692307692304 0.6033653846153846 0.036057692307692304 0.6033653846153846 0.15144230769230768 0.5528846153846154 0.15144230769230768
9 0.6923076923076923 0.11538461538461539 0.7524038461538461 0.11538461538461539 0.7524038461538461 0.23798076923076922 0.6923076923076923 0.23798076923076922
9 0.7067307692307693 0.2956730769230769 0.7644230769230769 0.2956730769230769 0.7644230769230769 0.4206730769230769 0.7067307692307693 0.4206730769230769
9 0.7019230769230769 0.3918269230769231 0.7692307692307693 0.3918269230769231 0.7692307692307693 0.5192307692307693 0.7019230769230769 0.5192307692307693
9 0.6057692307692307 0.5168269230769231 0.6634615384615384 0.5168269230769231 0.6634615384615384 0.6442307692307693 0.6057692307692307 0.6442307692307693
1 0.17548076923076922 0.19230769230769232 0.25961538461538464 0.19230769230769232 0.25961538461538464 0.39903846153846156 0.17548076923076922 0.39903846153846156
0 0.36778846153846156 0.08173076923076923 0.4206730769230769 0.08173076923076923 0.4206730769230769 0.23317307692307693 0.36778846153846156 0.23317307692307693
2 0.5096153846153846 0.7043269230769231 0.5889423076923077 0.7043269230769231 0.5889423076923077 0.8774038461538461 0.5096153846153846 0.8774038461538461
2 0.5168269230769231 0.18509615384615385 0.59375 0.18509615384615385 0.59375 0.3245192307692308 0.5168269230769231 0.3245192307692308
5 0.3918269230769231 0.016826923076923076 0.4519230769230769 0.016826923076923076 0.4519230769230769 0.1466346153846154 0.3918269230769231 0.1466346153846154
5 0.4326923076923077 0.375 0.5 0.375 0.5 0.5168269230769231 0.4326923076923077 0.5168269230769231
3 0.2091346153846154 0.7259615384615384 0.27163461538461536 0.7259615384615384 0.27163461538461536 0.8509615384615384 0.2091346153846154 0.8509615384615384
3 0.5504807692307693 0.1346153846153846 0.6033653846153846 0.1346153846153846 0.6033653846153846 0.24278846153846154 0.5504807692307693 0.24278846153846154
3 0.4735576923076923 0.12259615384615384 0.5264423076923077 0.12259615384615384 0.5264423076923077 0.23076923076923078 0.4735576923076923 0.23076923076923078
3 0.27884615384615385 0.2860576923076923 0.3293269230769231 0.2860576923076923 0.3293269230769231 0.39903846153846156 0.27884615384615385 0.39903846153846156
3 0.35096153846153844 0.4831730769230769 0.40865384615384615 0.4831730769230769 0.40865384615384615 0.6081730769230769 0.35096153846153844 0.6081730769230769
3 0.41586538461538464 0.6153846153846154 0.47836538461538464 0.6153846153846154 0.47836538461538464 0.7379807692307693 0.41586538461538464 0.7379807692307693