9 0.4365234375 0.46805555555555556 0.033203125 0.08611111111111111
9 0.4201171875 0.7493055555555556 0.037109375 0.08472222222222223
3 0.48828125 0.375 0.02734375 0.08333333333333333
3 0.4958984375 0.6604166666666667 0.029296875 0.08194444444444444
11 0.2943359375 0.6552083333333333 0.049609375 0.1076388888888889
6 0.309765625 0.46319444444444446 0.04609375 0.12083333333333333
11 0.3880859375 0.31145833333333334 0.040234375 0.10347222222222222
0 0.6859375 0.8628472222222222 0.04296875 0.11458333333333333
2 0.3802734375 0.38229166666666664 0.040234375 0.09930555555555555
2 0.4814453125 0.8746527777777777 0.041015625 0.09513888888888888
5 0.550390625 0.465625 0.0328125 0.09930555555555555
1 0.6068359375 0.27569444444444446 0.041015625 0.1638888888888889
8 0.3552734375 0.7559027777777778 0.047265625 0.10625
5 0.547265625 0.7541666666666667 0.0390625 0.10416666666666667
4 0.6140625 0.5423611111111111 0.04375 0.14444444444444443
8 0.325390625 0.37256944444444445 0.04453125 0.10486111111111111
6 0.332421875 0.21944444444444444 0.0421875 0.12916666666666668
10 0.3708984375 0.5493055555555556 0.055859375 0.14583333333333334
0 0.73147265625 0.5438888888888889 0.0488828125 0.12875
7 0.34713671874999996 0.8431458333333334 0.06354296875 0.14773611111111112