11 0.645263671875 0.7768052516411379 0.07080078125 0.1400437636761488
5 0.84423828125 0.7789934354485777 0.07421875 0.13566739606126915
1 0.72412109375 0.6367614879649891 0.08203125 0.20860685630926332
4 0.59375 0.32603938730853393 0.0693359375 0.1765134938001459
3 0.6767578125 0.2552881108679796 0.046875 0.1050328227571116
3 0.61962890625 0.549598832968636 0.0546875 0.11451495258935084
3 0.51171875 0.33698030634573306 0.048828125 0.10211524434719182
5 0.265869140625 0.5412107950401167 0.06298828125 0.1415025528811087
7 0.3525390625 0.40919037199124725 0.0751953125 0.19401896425966447
11 0.174072265625 0.2527352297592998 0.06689453125 0.1261852662290299
9 0.42822265625 0.33916849015317285 0.0498046875 0.10795040116703136
9 0.356201171875 0.1838074398249453 0.04833984375 0.10795040116703136
9 0.26806640625 0.087527352297593 0.048828125 0.10357403355215171
9 0.25439453125 0.6706783369803063 0.0595703125 0.10867979576951131