9 0.369140625 0.4305555555555556 0.03671875 0.09305555555555556
3 0.3958984375 0.3125 0.030859375 0.09166666666666666
3 0.478125 0.5711805555555556 0.03203125 0.09097222222222222
9 0.4279296875 0.7038194444444444 0.037890625 0.09236111111111112
2 0.2876953125 0.37881944444444443 0.044921875 0.11041666666666666
11 0.275 0.7020833333333333 0.05234375 0.11805555555555555
2 0.5220703125 0.7708333333333334 0.040234375 0.10694444444444444
6 0.2384765625 0.5055555555555555 0.053515625 0.12916666666666668
5 0.4814453125 0.359375 0.033203125 0.11041666666666666
11 0.2751953125 0.3038194444444444 0.042578125 0.10069444444444445
6 0.19453125 0.2548611111111111 0.05234375 0.1375
5 0.551953125 0.6211805555555555 0.0390625 0.10902777777777778
8 0.2279296875 0.4048611111111111 0.049609375 0.11388888888888889
4 0.5640625 0.3875 0.04140625 0.15694444444444444
7 0.3875 0.8402569444444444 0.065625 0.1597638888888889
10 0.3275390625 0.546875 0.059765625 0.15763888888888888
8 0.36724999999999997 0.7320347222222223 0.05065625 0.08836805555555556
1 0.49184765625000004 0.14302083333333332 0.051460937500000005 0.17715972222222223
0 0.6684921875 0.3224722222222222 0.04387109375 0.14741666666666667
0 0.7021796874999999 0.6293194444444444 0.04407421875 0.13094444444444445