5 0.2671875 0.3375 0.06171875 0.1111111111111111
3 0.3279296875 0.4892361111111111 0.047265625 0.08402777777777778
3 0.4001953125 0.5010416666666667 0.044140625 0.08680555555555555
5 0.834765625 0.41423611111111114 0.059375 0.12291666666666666
3 0.25 0.471875 0.05 0.08125
2 0.739453125 0.3927083333333333 0.05 0.12569444444444444
2 0.3388671875 0.35694444444444445 0.060546875 0.12916666666666668
3 0.4798828125 0.5229166666666667 0.037890625 0.08472222222222223
1 0.4890625 0.3642361111111111 0.05859375 0.17708333333333334
0 0.411328125 0.37083333333333335 0.05390625 0.12638888888888888
3 0.712890625 0.5732638888888889 0.0421875 0.09236111111111112
3 0.81796875 0.5760416666666667 0.04375 0.08958333333333333
3 0.64453125 0.5541666666666667 0.03671875 0.08194444444444444
3 0.56328125 0.5472222222222223 0.03984375 0.09027777777777778
4 0.5732421875 0.36666666666666664 0.057421875 0.16111111111111112
0 0.6509765625 0.39652777777777776 0.037109375 0.13472222222222222