11 0.2515625 0.471875 0.05078125 0.07847222222222222
8 0.62265625 0.4642361111111111 0.040625 0.08402777777777778
9 0.318359375 0.3524305555555556 0.03828125 0.06875
9 0.435546875 0.36493055555555554 0.034375 0.07013888888888889
6 0.3728515625 0.45034722222222223 0.045703125 0.07708333333333334
9 0.5619140625 0.3541666666666667 0.032421875 0.06944444444444445
8 0.31171875 0.465625 0.0453125 0.08819444444444445
9 0.4982421875 0.346875 0.034765625 0.07152777777777777
9 0.688671875 0.3642361111111111 0.03828125 0.07569444444444444
7 0.496484375 0.46041666666666664 0.04375 0.10694444444444444
9 0.38046875 0.3524305555555556 0.0359375 0.06736111111111111
9 0.623046875 0.35381944444444446 0.03671875 0.07569444444444444
6 0.5583984375 0.47152777777777777 0.034765625 0.08472222222222223
9 0.2548828125 0.36493055555555554 0.041015625 0.06875
11 0.68984375 0.4673611111111111 0.04453125 0.08333333333333333
10 0.433984375 0.4552083333333333 0.05 0.10347222222222222