5 0.7658203125 0.5701388888888889 0.045703125 0.11944444444444445
0 0.641796875 0.59375 0.0390625 0.15
0 0.4451171875 0.6909722222222222 0.035546875 0.15833333333333333
4 0.5119140625 0.6489583333333333 0.048828125 0.19791666666666666
3 0.617578125 0.5482638888888889 0.028125 0.09652777777777778
3 0.4220703125 0.6236111111111111 0.027734375 0.1
3 0.4845703125 0.5920138888888888 0.030078125 0.10347222222222222
3 0.673828125 0.5232638888888889 0.03203125 0.09791666666666667
3 0.7361328125 0.5013888888888889 0.033984375 0.10138888888888889
3 0.55234375 0.5701388888888889 0.025 0.10277777777777777
9 0.5494140625 0.22777777777777777 0.035546875 0.09722222222222222
9 0.401953125 0.28125 0.0375 0.10138888888888889
9 0.597265625 0.2048611111111111 0.034375 0.09305555555555556
9 0.291015625 0.3125 0.0375 0.09861111111111111
9 0.3455078125 0.2972222222222222 0.036328125 0.09722222222222222
3 0.2875 0.6840277777777778 0.03671875 0.10694444444444444
9 0.4517578125 0.2545138888888889 0.034765625 0.09930555555555555
2 0.7033203125 0.5857638888888889 0.049609375 0.12708333333333333
9 0.500390625 0.2465277777777778 0.0328125 0.1
8 0.5287109375 0.16354166666666667 0.026171875 0.10902777777777778
11 0.5734375 0.15104166666666666 0.03046875 0.11319444444444444
2 0.371875 0.7451388888888889 0.04453125 0.1361111111111111
6 0.4837890625 0.175 0.025390625 0.13333333333333333
7 0.3828125 0.175 0.034375 0.19305555555555556
6 0.3330078125 0.21215277777777777 0.032421875 0.13541666666666666
8 0.2798828125 0.24131944444444445 0.033984375 0.11875
1 0.5759765625 0.6010416666666667 0.041796875 0.22430555555555556
10 0.43394140625000005 0.17460416666666667 0.04031640625 0.165375
11 0.2224375 0.25877083333333334 0.045359375 0.111625
9 0.23278906250000003 0.3193402777777778 0.036375000000000005 0.09118055555555557
5 0.2883515625 0.7867430555555556 0.060015624999999996 0.15984722222222222
3 0.36793359375 0.6341736111111111 0.0395234375 0.09345833333333334