9 0.1401171875 0.5994236111111111 0.06929296874999999 0.1564861111111111
9 0.24406640624999998 0.582375 0.06298046874999999 0.15780555555555556
9 0.34638671875 0.5560763888888889 0.051714843749999996 0.15674305555555557
9 0.4439453125 0.5355 0.053804687500000004 0.1552013888888889
9 0.61796875 0.4844583333333333 0.0511875 0.14307638888888888
9 0.7041015625 0.4600694444444444 0.04611328125 0.13292361111111112
9 0.7880859375 0.42578472222222224 0.048859375 0.1324861111111111
11 0.7431640625 0.31554166666666666 0.056855468750000006 0.16536805555555556
11 0.13586328125 0.45877083333333335 0.061769531249999995 0.1857638888888889
8 0.23742578124999997 0.4296875 0.05697656250000001 0.19606944444444444
6 0.33447265625 0.390625 0.048585937499999995 0.21636111111111112
7 0.42456250000000006 0.3394097222222222 0.055296875 0.2914513888888889
6 0.59326171875 0.3498263888888889 0.0478828125 0.20865972222222223
8 0.66796875 0.3339861111111111 0.04708984375 0.17165972222222223
9 0.537640625 0.4930347222222222 0.053796875 0.141625
10 0.510890625 0.3378541666666667 0.073921875 0.26876388888888886