5 0.9169921875 0.48541666666666666 0.051953125 0.13472222222222222
0 0.6396484375 0.7253472222222223 0.046484375 0.17708333333333334
2 0.579296875 0.8166666666666667 0.046875 0.14583333333333334
3 0.531640625 0.7017361111111111 0.0359375 0.11458333333333333
6 0.370703125 0.24618055555555557 0.03359375 0.15763888888888888
3 0.863671875 0.42777777777777776 0.04140625 0.10833333333333334
6 0.5216796875 0.16041666666666668 0.028515625 0.1486111111111111
3 0.6435546875 0.6045138888888889 0.036328125 0.11319444444444444
3 0.587109375 0.6607638888888889 0.03359375 0.11597222222222223
3 0.4587890625 0.7795138888888888 0.039453125 0.12569444444444444
8 0.5609375 0.13923611111111112 0.025 0.12152777777777778
4 0.705078125 0.6565972222222223 0.06640625 0.22291666666666668
9 0.2857421875 0.3972222222222222 0.042578125 0.10833333333333334
9 0.3490234375 0.36770833333333336 0.039453125 0.1076388888888889
9 0.4583984375 0.30104166666666665 0.037890625 0.1076388888888889
9 0.6384765625 0.165625 0.033203125 0.09791666666666667
9 0.5513671875 0.234375 0.037109375 0.1076388888888889
9 0.5033203125 0.25763888888888886 0.034765625 0.10694444444444444
11 0.601953125 0.11458333333333333 0.02890625 0.11666666666666667
9 0.40234375 0.3333333333333333 0.03828125 0.11527777777777778
3 0.7052734375 0.5555555555555556 0.039453125 0.10833333333333334
7 0.420703125 0.19027777777777777 0.0375 0.21666666666666667
9 0.5970703125 0.20069444444444445 0.036328125 0.10138888888888889
11 0.2556640625 0.33194444444444443 0.040234375 0.13194444444444445
3 0.8134765625 0.46493055555555557 0.035546875 0.09652777777777778
0 0.8126953125 0.5534722222222223 0.051953125 0.16805555555555557
5 0.499609375 0.89375 0.046875 0.1638888888888889
8 0.3185546875 0.29097222222222224 0.034765625 0.14027777777777778
1 0.760546875 0.5798611111111112 0.06328125 0.2388888888888889
2 0.8603515625 0.5180555555555556 0.045703125 0.14444444444444443
10 0.4740234375 0.17291666666666666 0.036328125 0.19166666666666668