5 0.589111328125 0.06418672501823487 0.05419921875 0.11086797957695113
5 0.8408203125 0.7293946024799417 0.0732421875 0.13858497447118892
1 0.78369140625 0.3665207877461707 0.0888671875 0.1976659372720642
4 0.596435546875 0.29321663019693656 0.06787109375 0.17067833698030635
3 0.6650390625 0.1422319474835886 0.044921875 0.1050328227571116
3 0.677490234375 0.22793581327498177 0.04248046875 0.10576221735959154
3 0.69873046875 0.4026258205689278 0.05078125 0.10357403355215171
3 0.707763671875 0.5072939460247994 0.04931640625 0.10576221735959154
3 0.513671875 0.30087527352297594 0.0478515625 0.10138584974471189
3 0.51904296875 0.06673960612691467 0.044921875 0.10284463894967177
2 0.590576171875 0.1301969365426696 0.04638671875 0.13056163384390956
2 0.441650390625 0.3949671772428884 0.06201171875 0.14077315827862874
6 0.25439453125 0.7447118891320205 0.06640625 0.13858497447118892
6 0.157958984375 0.4890590809628009 0.06689453125 0.13785557986870897
11 0.205078125 0.05470459518599562 0.0625 0.10940919037199125
7 0.17138671875 0.36433260393873085 0.076171875 0.20204230488694383
10 0.35888671875 0.2961342086068563 0.076171875 0.16776075857038658
8 0.364013671875 0.19183078045222465 0.05224609375 0.13566739606126915
8 0.165283203125 0.600291757840992 0.07275390625 0.1415025528811087
9 0.435791015625 0.3037928519328957 0.04443359375 0.10430342815463166
9 0.28271484375 0.05725747629467542 0.048828125 0.10430342815463166
9 0.28662109375 0.21553610503282275 0.05078125 0.10867979576951131
9 0.26171875 0.6152443471918307 0.0654296875 0.11451495258935084
9 0.445556640625 0.7334062727935813 0.06298828125 0.11597374179431072