5 0.244140625 0.3548611111111111 0.0609375 0.09722222222222222
3 0.229296875 0.49166666666666664 0.053125 0.07083333333333333
3 0.30703125 0.5114583333333333 0.04609375 0.07291666666666667
5 0.80703125 0.4427083333333333 0.05859375 0.10486111111111111
3 0.378515625 0.5229166666666667 0.0484375 0.07361111111111111
0 0.3896484375 0.3975694444444444 0.051953125 0.09930555555555555
2 0.713671875 0.4204861111111111 0.05 0.11180555555555556
3 0.4587890625 0.5458333333333333 0.037890625 0.07083333333333333
3 0.6865234375 0.6 0.041015625 0.0763888888888889
1 0.465625 0.39444444444444443 0.06171875 0.1486111111111111
3 0.7880859375 0.6034722222222222 0.041015625 0.07361111111111111
2 0.3162109375 0.38090277777777776 0.064453125 0.11180555555555556
3 0.540234375 0.5711805555555556 0.0390625 0.07847222222222222
3 0.6197265625 0.5788194444444444 0.036328125 0.06875
4 0.549609375 0.39375 0.0609375 0.14166666666666666
0 0.626171875 0.42777777777777776 0.03828125 0.1111111111111111