5 0.3154296875 0.20833333333333334 0.042578125 0.11944444444444445
2 0.7046875 0.24895833333333334 0.0390625 0.13819444444444445
0 0.6326171875 0.24444444444444444 0.033203125 0.1527777777777778
5 0.7826171875 0.26631944444444444 0.044140625 0.1326388888888889
3 0.291796875 0.30243055555555554 0.03515625 0.09652777777777778
2 0.3732421875 0.22395833333333334 0.042578125 0.1326388888888889
3 0.3587890625 0.3159722222222222 0.033984375 0.1
3 0.7708984375 0.3798611111111111 0.035546875 0.10416666666666667
3 0.68359375 0.3767361111111111 0.03359375 0.1076388888888889
3 0.4853515625 0.340625 0.029296875 0.10069444444444445
3 0.417578125 0.32534722222222223 0.03359375 0.10208333333333333
3 0.625390625 0.3638888888888889 0.0328125 0.10138888888888889
3 0.5546875 0.3579861111111111 0.03046875 0.10486111111111111
0 0.434375 0.22465277777777778 0.0375 0.14652777777777778
9 0.4888671875 0.9284722222222223 0.046484375 0.10972222222222222
9 0.24375 0.8736111111111111 0.0546875 0.10694444444444444
9 0.158203125 0.8663194444444444 0.0609375 0.10902777777777778
4 0.5671875 0.2152777777777778 0.0421875 0.19027777777777777
9 0.39765625 0.9288194444444444 0.04765625 0.1076388888888889
9 0.3263671875 0.8909722222222223 0.052734375 0.10416666666666667
9 0.579296875 0.9541666666666667 0.04765625 0.09027777777777778
1 0.4986328125 0.20555555555555555 0.041015625 0.2111111111111111