5 0.5115234375 0.8795138888888889 0.040234375 0.15208333333333332
8 0.3673828125 0.28923611111111114 0.030078125 0.11319444444444444
5 0.717578125 0.41354166666666664 0.0328125 0.11180555555555556
8 0.1896484375 0.4996527777777778 0.037109375 0.12708333333333333
6 0.227734375 0.4361111111111111 0.0390625 0.1388888888888889
3 0.48828125 0.7246527777777778 0.0328125 0.10625
9 0.412890625 0.3215277777777778 0.0296875 0.08888888888888889
3 0.4494140625 0.8173611111111111 0.033984375 0.11527777777777778
2 0.5537109375 0.7833333333333333 0.044140625 0.1375
3 0.5484375 0.6027777777777777 0.03125 0.09861111111111111
9 0.381640625 0.3611111111111111 0.034375 0.09305555555555556
7 0.264453125 0.3684027777777778 0.040625 0.18958333333333333
3 0.5849609375 0.5447916666666667 0.030859375 0.09513888888888888
9 0.4376953125 0.27881944444444445 0.027734375 0.08819444444444445
3 0.520703125 0.6666666666666666 0.03046875 0.10416666666666667
9 0.3181640625 0.45034722222222223 0.036328125 0.09375
3 0.6662109375 0.39131944444444444 0.027734375 0.09097222222222222
9 0.347265625 0.3972222222222222 0.03359375 0.09583333333333334
9 0.2349609375 0.5527777777777778 0.040234375 0.09861111111111111
0 0.5826171875 0.6847222222222222 0.035546875 0.15833333333333333
9 0.2763671875 0.49895833333333334 0.037109375 0.09791666666666667
9 0.18359375 0.6072916666666667 0.04140625 0.10347222222222222
11 0.1400390625 0.5625 0.045703125 0.12638888888888888
6 0.3412109375 0.3145833333333333 0.026171875 0.13333333333333333
11 0.3953125 0.2520833333333333 0.028125 0.10138888888888889
10 0.30703125 0.3420138888888889 0.040625 0.17291666666666666
2 0.6929023437499999 0.4595416666666667 0.0322890625 0.11977777777777777
0 0.6669296874999999 0.4951597222222222 0.032937499999999995 0.15688888888888888
4 0.6190859375 0.6092013888888889 0.06066015625 0.19896527777777778
1 0.6430078124999999 0.5314375 0.049140625 0.1989027777777778
3 0.61546875 0.4756875 0.02780859375 0.07915972222222221
3 0.6388046875 0.41599305555555555 0.029562500000000002 0.043097222222222224