5 0.740625 0.4625 0.03515625 0.11388888888888889
2 0.532421875 0.8270833333333333 0.03984375 0.1361111111111111
11 0.15390625 0.553125 0.04609375 0.12152777777777778
3 0.4748046875 0.7583333333333333 0.033203125 0.10694444444444444
7 0.2876953125 0.37395833333333334 0.041015625 0.1840277777777778
3 0.5126953125 0.7020833333333333 0.029296875 0.10555555555555556
3 0.5478515625 0.6381944444444444 0.030078125 0.10416666666666667
6 0.2474609375 0.44027777777777777 0.037109375 0.14027777777777778
9 0.40703125 0.37430555555555556 0.0328125 0.1
3 0.58984375 0.5822916666666667 0.0265625 0.09652777777777778
9 0.2900390625 0.5048611111111111 0.035546875 0.09583333333333334
9 0.4701171875 0.29930555555555555 0.031640625 0.08888888888888889
3 0.6900390625 0.4357638888888889 0.026171875 0.09375
9 0.4404296875 0.33958333333333335 0.030078125 0.09027777777777778
9 0.191796875 0.6013888888888889 0.040625 0.1
0 0.57109375 0.73125 0.03828125 0.16111111111111112
3 0.4251953125 0.8479166666666667 0.035546875 0.11666666666666667
11 0.430078125 0.2677083333333333 0.02890625 0.09791666666666667
9 0.24609375 0.553125 0.0390625 0.09791666666666667
9 0.3365234375 0.4583333333333333 0.035546875 0.09583333333333334
9 0.3701171875 0.40902777777777777 0.033203125 0.09444444444444444
8 0.4013671875 0.30069444444444443 0.028515625 0.11527777777777778
10 0.33125 0.35 0.03828125 0.1736111111111111
6 0.371484375 0.32881944444444444 0.0296875 0.13402777777777777
3 0.6580078125 0.4798611111111111 0.026171875 0.09166666666666666
5 0.481640625 0.9190972222222222 0.03828125 0.14930555555555555
1 0.641796875 0.5746527777777778 0.05234375 0.20625
8 0.2056640625 0.49756944444444445 0.037109375 0.12430555555555556
0 0.6763671875 0.5368055555555555 0.037109375 0.15833333333333333
2 0.705078125 0.5065972222222223 0.03671875 0.12152777777777778
4 0.6126406249999999 0.651375 0.054019531249999996 0.20836111111111114