8 0.450439453125 0.6469730123997083 0.07177734375 0.16046681254558717
0 0.4384765625 0.4288840262582057 0.0634765625 0.1487964989059081
10 0.3466796875 0.14514952589350838 0.0654296875 0.18672501823486506
7 0.161376953125 0.30452224653537563 0.07763671875 0.20204230488694383
11 0.196533203125 0.08971553610503283 0.06201171875 0.13129102844638948
9 0.271728515625 0.16666666666666666 0.06005859375 0.11305616338439095
9 0.258544921875 0.3409919766593727 0.06201171875 0.11451495258935084
9 0.347412109375 0.32713347921225383 0.04931640625 0.11159737417943107
9 0.35595703125 0.5649161196207148 0.060546875 0.1174325309992706
2 0.2431640625 0.6393143690736689 0.0712890625 0.1699489423778264
5 0.572265625 0.08096280087527352 0.0546875 0.12837345003646974
0 0.508056640625 0.2363238512035011 0.05908203125 0.1473377097009482
3 0.417236328125 0.1787016776075857 0.05224609375 0.1137855579868709
3 0.685302734375 0.3424507658643326 0.05029296875 0.12180889861415026
3 0.542236328125 0.6659372720641867 0.05224609375 0.12837345003646974
3 0.608154296875 0.5404814004376368 0.05810546875 0.11524434719183078
1 0.77001953125 0.3016046681254559 0.083984375 0.20058351568198396