2 0.7515625 0.33090277777777777 0.0484375 0.15902777777777777
5 0.3015625 0.2916666666666667 0.0515625 0.1388888888888889
2 0.3673828125 0.3079861111111111 0.047265625 0.14652777777777778
4 0.590234375 0.2923611111111111 0.05234375 0.21805555555555556
1 0.5115234375 0.2826388888888889 0.051953125 0.24166666666666667
3 0.3501953125 0.4114583333333333 0.039453125 0.11180555555555556
3 0.273046875 0.39895833333333336 0.04453125 0.11319444444444444
3 0.4185546875 0.4232638888888889 0.039453125 0.11458333333333333
0 0.4373046875 0.3072916666666667 0.042578125 0.16458333333333333
3 0.4966796875 0.43645833333333334 0.036328125 0.11597222222222223
3 0.83125 0.4774305555555556 0.04296875 0.12013888888888889
3 0.659375 0.4618055555555556 0.03828125 0.11666666666666667
0 0.666015625 0.325 0.03984375 0.1763888888888889
3 0.7294921875 0.478125 0.039453125 0.12291666666666666
3 0.578515625 0.45590277777777777 0.03671875 0.11875
5 0.841796875 0.34652777777777777 0.053125 0.1527777777777778