0 0.605078125 0.8052083333333333 0.040625 0.1798611111111111
6 0.4734375 0.27534722222222224 0.0296875 0.14791666666666667
5 0.8626953125 0.55625 0.047265625 0.13055555555555556
2 0.547265625 0.8982638888888889 0.04609375 0.15208333333333332
10 0.4279296875 0.2881944444444444 0.037109375 0.18472222222222223
6 0.328515625 0.3597222222222222 0.03359375 0.15138888888888888
3 0.76171875 0.553125 0.03671875 0.11319444444444444
3 0.5505859375 0.7465277777777778 0.033984375 0.11527777777777778
3 0.4990234375 0.7930555555555555 0.034765625 0.11666666666666667
3 0.4287109375 0.8736111111111111 0.037890625 0.12638888888888888
8 0.512109375 0.25069444444444444 0.025 0.11805555555555555
11 0.2166015625 0.4510416666666667 0.033203125 0.12569444444444444
9 0.309375 0.4791666666666667 0.03671875 0.10277777777777777
9 0.3611328125 0.4420138888888889 0.034765625 0.10347222222222222
8 0.277734375 0.40868055555555555 0.0359375 0.13680555555555557
3 0.808984375 0.5069444444444444 0.03984375 0.1125
9 0.246484375 0.515625 0.040625 0.10347222222222222
3 0.6029296875 0.6888888888888889 0.035546875 0.10972222222222222
2 0.814453125 0.5934027777777777 0.053125 0.13819444444444445
9 0.587109375 0.2701388888888889 0.03203125 0.09722222222222222
9 0.458984375 0.3638888888888889 0.03203125 0.1
7 0.3779296875 0.3038194444444444 0.038671875 0.2076388888888889
9 0.4171875 0.4076388888888889 0.0328125 0.10277777777777777
9 0.5046875 0.33645833333333336 0.0359375 0.11041666666666666
9 0.5478515625 0.30277777777777776 0.035546875 0.10555555555555556
0 0.7658203125 0.6274305555555556 0.046484375 0.16597222222222222
11 0.5501953125 0.22777777777777777 0.026953125 0.11944444444444445
1 0.71796875 0.659375 0.05546875 0.2423611111111111
5 0.4693359375 0.9486111111111111 0.039453125 0.09722222222222222
4 0.6666015625 0.7354027777777777 0.056640625 0.21808333333333335