3 0.802734375 0.07743055555555556 0.02734375 0.08680555555555555
3 0.6869140625 0.07326388888888889 0.025390625 0.08125
3 0.7322265625 0.08159722222222222 0.028515625 0.08680555555555555
3 0.630859375 0.07291666666666667 0.02578125 0.08472222222222223
3 0.5744140625 0.06284722222222222 0.024609375 0.08125
11 0.3359375 0.5652777777777778 0.05 0.09583333333333334
3 0.47265625 0.04895833333333333 0.02734375 0.08125
6 0.454296875 0.5659722222222222 0.0453125 0.10277777777777777
3 0.519921875 0.05451388888888889 0.02890625 0.08263888888888889
3 0.418359375 0.043402777777777776 0.02734375 0.07847222222222222
9 0.41171875 0.4722222222222222 0.03671875 0.07777777777777778
9 0.7109375 0.5277777777777778 0.0296875 0.08333333333333333
9 0.648828125 0.5184027777777778 0.03203125 0.07708333333333334
8 0.703125 0.6336805555555556 0.03984375 0.10069444444444445
11 0.774609375 0.65 0.04375 0.10555555555555556
9 0.5841796875 0.4979166666666667 0.030859375 0.07777777777777778
8 0.3919921875 0.5677083333333334 0.044921875 0.09791666666666667
6 0.6375 0.6201388888888889 0.0359375 0.1125
9 0.52109375 0.503125 0.03359375 0.0798611111111111
9 0.4669921875 0.478125 0.026953125 0.07152777777777777
7 0.5720703125 0.590625 0.050390625 0.14652777777777778
9 0.778125 0.5541666666666667 0.034375 0.08472222222222223
9 0.3517578125 0.4708333333333333 0.038671875 0.07777777777777778
10 0.5109375 0.5795138888888889 0.05234375 0.1326388888888889