5 0.278515625 0.3836805555555556 0.06171875 0.12569444444444444
5 0.8515625 0.4392361111111111 0.0578125 0.14375
2 0.75546875 0.4215277777777778 0.05234375 0.14305555555555555
0 0.6642578125 0.4232638888888889 0.042578125 0.16180555555555556
0 0.4216796875 0.4059027777777778 0.054296875 0.14930555555555555
3 0.4064453125 0.5388888888888889 0.047265625 0.10277777777777777
3 0.3357421875 0.5270833333333333 0.045703125 0.10277777777777777
3 0.2546875 0.5131944444444444 0.05390625 0.09861111111111111
2 0.349609375 0.4010416666666667 0.05859375 0.13958333333333334
3 0.489453125 0.55625 0.0390625 0.10277777777777777
3 0.8396484375 0.596875 0.044140625 0.11041666666666666
3 0.7310546875 0.5996527777777778 0.044140625 0.11458333333333333
3 0.575390625 0.578125 0.04140625 0.11041666666666666
3 0.6587890625 0.5815972222222222 0.040234375 0.10208333333333333
1 0.49921875 0.3885416666666667 0.0578125 0.21180555555555555
4 0.5841796875 0.3954861111111111 0.060546875 0.1909722222222222