5 0.4564453125 0.8899305555555556 0.040234375 0.15208333333333332
5 0.7470703125 0.4642361111111111 0.036328125 0.11458333333333333
11 0.156640625 0.4982638888888889 0.04296875 0.12013888888888889
7 0.2974609375 0.3350694444444444 0.041015625 0.18819444444444444
2 0.514453125 0.8020833333333334 0.04453125 0.14305555555555555
0 0.55703125 0.7135416666666666 0.03515625 0.15763888888888888
3 0.4603515625 0.7302083333333333 0.032421875 0.1076388888888889
6 0.2548828125 0.39479166666666665 0.039453125 0.1451388888888889
4 0.6009765625 0.6416666666666667 0.049609375 0.2013888888888889
3 0.5033203125 0.68125 0.031640625 0.10833333333333334
3 0.5869140625 0.5680555555555555 0.025390625 0.09444444444444444
9 0.24765625 0.50625 0.0375 0.09722222222222222
9 0.2947265625 0.4638888888888889 0.036328125 0.09722222222222222
9 0.4177734375 0.3454861111111111 0.033203125 0.10347222222222222
9 0.48515625 0.27708333333333335 0.03046875 0.09027777777777778
9 0.4533203125 0.3145833333333333 0.031640625 0.09027777777777778
9 0.191796875 0.55 0.03984375 0.1
3 0.5419921875 0.621875 0.030078125 0.10208333333333333
9 0.3794921875 0.37777777777777777 0.030859375 0.09305555555555556
9 0.3427734375 0.425 0.035546875 0.09305555555555556
3 0.6982421875 0.4354166666666667 0.028515625 0.09861111111111111
3 0.6623046875 0.4795138888888889 0.030078125 0.09513888888888888
6 0.384375 0.2965277777777778 0.0296875 0.13194444444444445
10 0.3416015625 0.31666666666666665 0.035546875 0.17916666666666667
3 0.4060546875 0.8142361111111112 0.036328125 0.11875
8 0.21171875 0.4486111111111111 0.03515625 0.125
0 0.6732421875 0.5368055555555555 0.039453125 0.1527777777777778
8 0.414453125 0.271875 0.02578125 0.10902777777777778
11 0.4470703125 0.24513888888888888 0.026171875 0.1125
1 0.637109375 0.5697916666666667 0.05078125 0.21041666666666667
2 0.706640625 0.503125 0.03671875 0.12152777777777778