9 0.3658203125 0.47118055555555555 0.036328125 0.09375
3 0.3908203125 0.3440972222222222 0.030859375 0.09097222222222222
3 0.4822265625 0.6166666666666667 0.033203125 0.09444444444444444
2 0.2796875 0.41909722222222223 0.046875 0.11319444444444444
9 0.4333984375 0.7607638888888889 0.038671875 0.09236111111111112
11 0.2744140625 0.7659722222222223 0.053515625 0.11805555555555555
5 0.48125 0.3927083333333333 0.0328125 0.11180555555555556
0 0.7193359375 0.6697916666666667 0.049609375 0.12430555555555556
6 0.2318359375 0.5576388888888889 0.055078125 0.12916666666666668
2 0.5361328125 0.8288194444444444 0.041015625 0.10486111111111111
5 0.561328125 0.66875 0.04140625 0.10972222222222222
8 0.218359375 0.44895833333333335 0.0515625 0.11597222222222223
1 0.4875 0.16770833333333332 0.03984375 0.1840277777777778
7 0.396484375 0.9090277777777778 0.06171875 0.1527777777777778
11 0.2646484375 0.34131944444444445 0.043359375 0.10625
8 0.3720703125 0.8090277777777778 0.044921875 0.11527777777777778
4 0.5682109375 0.42170138888888886 0.05108203125000001 0.17603472222222222
0 0.6770859375 0.34950694444444447 0.050124999999999996 0.14275694444444445
6 0.1796640625 0.2910138888888889 0.0605 0.1403611111111111
10 0.32271875 0.596298611111111 0.07121484375 0.15718055555555555