5 0.4705078125 0.8538194444444445 0.038671875 0.14791666666666667
5 0.7712890625 0.4440972222222222 0.037890625 0.11597222222222223
8 0.2404296875 0.41388888888888886 0.036328125 0.12361111111111112
2 0.528515625 0.7708333333333334 0.04140625 0.1388888888888889
11 0.186328125 0.4597222222222222 0.0390625 0.11944444444444445
3 0.4783203125 0.6972222222222222 0.033203125 0.10694444444444444
6 0.2828125 0.3638888888888889 0.034375 0.14305555555555555
3 0.51875 0.6482638888888889 0.028125 0.10208333333333333
10 0.369140625 0.2881944444444444 0.03515625 0.1763888888888889
9 0.275 0.4722222222222222 0.03671875 0.09722222222222222
3 0.606640625 0.5440972222222222 0.028125 0.09791666666666667
9 0.510546875 0.2513888888888889 0.02890625 0.09027777777777778
3 0.56015625 0.5947916666666667 0.0296875 0.10069444444444445
7 0.325390625 0.30625 0.03984375 0.18888888888888888
8 0.440625 0.2454861111111111 0.02421875 0.11041666666666666
9 0.3673828125 0.39305555555555555 0.036328125 0.09305555555555556
9 0.47890625 0.2847222222222222 0.03046875 0.09444444444444444
3 0.4232421875 0.7753472222222222 0.036328125 0.11597222222222223
9 0.442578125 0.31666666666666665 0.03515625 0.10416666666666667
0 0.5720703125 0.6850694444444444 0.037890625 0.15902777777777777
9 0.3197265625 0.42951388888888886 0.037109375 0.09652777777777778
9 0.40390625 0.346875 0.03125 0.09236111111111112
1 0.6576171875 0.5482638888888889 0.048046875 0.20902777777777778
6 0.409765625 0.2708333333333333 0.0265625 0.13472222222222222
11 0.47421875 0.2142361111111111 0.02578125 0.09930555555555555
4 0.619921875 0.6038194444444445 0.04921875 0.22013888888888888
0 0.6962890625 0.5076388888888889 0.037890625 0.15833333333333333
9 0.219140625 0.509375 0.0390625 0.09791666666666667
3 0.6841796875 0.45625 0.030078125 0.09583333333333334
2 0.7342109375 0.4757222222222222 0.039390625 0.14299305555555555
3 0.72268359375 0.3967222222222222 0.0352109375 0.07052777777777777