1 0.76904296875 0.29795769511305614 0.080078125 0.20204230488694383
0 0.594970703125 0.1575492341356674 0.05517578125 0.14296134208606856
5 0.573486328125 0.0849744711889132 0.05810546875 0.1174325309992706
5 0.51611328125 0.2439824945295405 0.0634765625 0.12180889861415026
2 0.439208984375 0.24835886214442013 0.05712890625 0.13202042304886943
3 0.42041015625 0.18088986141502553 0.0517578125 0.1050328227571116
3 0.685546875 0.3409919766593727 0.0498046875 0.10722100656455143
3 0.6064453125 0.5408460977388767 0.0517578125 0.11597374179431072
3 0.74072265625 0.7830051057622174 0.060546875 0.1174325309992706
3 0.541015625 0.6652078774617067 0.060546875 0.12399708242159008
2 0.443115234375 0.7793581327498177 0.07275390625 0.16557257476294676
7 0.159912109375 0.4077315827862874 0.08447265625 0.20568927789934355
11 0.1962890625 0.08315098468271334 0.064453125 0.13274981765134938
8 0.236572265625 0.788475565280817 0.08154296875 0.16192560175054704
10 0.34228515625 0.14843180160466812 0.0673828125 0.18161925601750548
6 0.184326171875 0.14989059080962802 0.05810546875 0.14077315827862874
6 0.355224609375 0.4270605397520058 0.06005859375 0.14514952589350838
9 0.504150390625 0.15900802334062727 0.05322265625 0.10940919037199125
9 0.27294921875 0.16630196936542668 0.056640625 0.1137855579868709
9 0.25732421875 0.3358862144420131 0.0517578125 0.10867979576951131
9 0.25537109375 0.4361779722830051 0.060546875 0.11232676878191102
9 0.3564453125 0.5601750547045952 0.0615234375 0.11962071480671042