9 0.3712890625 0.40381944444444445 0.032421875 0.08680555555555555
3 0.40234375 0.5836805555555555 0.0296875 0.08263888888888889
3 0.4283203125 0.3315972222222222 0.026953125 0.08263888888888889
11 0.2205078125 0.5350694444444445 0.048046875 0.10486111111111111
9 0.3236328125 0.6451388888888889 0.035546875 0.08472222222222223
0 0.550390625 0.7986111111111112 0.03359375 0.11805555555555555
2 0.327734375 0.31493055555555555 0.03828125 0.09791666666666667
11 0.34296875 0.25625 0.03828125 0.10277777777777777
5 0.475 0.4239583333333333 0.03046875 0.09513888888888888
6 0.25390625 0.3704861111111111 0.04140625 0.12291666666666666
5 0.438671875 0.6746527777777778 0.0375 0.10208333333333333
8 0.2626953125 0.6357638888888889 0.048828125 0.10347222222222222
2 0.3642578125 0.7631944444444444 0.045703125 0.1
7 0.2423828125 0.7076388888888889 0.065234375 0.15555555555555556
4 0.520703125 0.5017361111111112 0.0390625 0.1423611111111111
6 0.3015625 0.1638888888888889 0.03828125 0.12638888888888888
10 0.2986328125 0.45625 0.055859375 0.14583333333333334
8 0.279296875 0.296875 0.0421875 0.10208333333333333
1 0.5436015624999999 0.2655486111111111 0.037796875 0.16404166666666667
0 0.6341210937499999 0.5276111111111111 0.0344921875 0.11907638888888888