11 0.715625 0.3423611111111111 0.05625 0.16111111111111112
9 0.1392578125 0.6225694444444444 0.058984375 0.1423611111111111
9 0.4314453125 0.5618055555555556 0.049609375 0.14166666666666666
9 0.5162109375 0.5180555555555556 0.047265625 0.1375
9 0.6767578125 0.48541666666666666 0.051171875 0.13472222222222222
9 0.5953125 0.5100694444444445 0.04765625 0.13958333333333334
8 0.6431640625 0.3597222222222222 0.047265625 0.17083333333333334
9 0.241015625 0.6100694444444444 0.05390625 0.14652777777777778
6 0.3232421875 0.4232638888888889 0.051953125 0.2076388888888889
9 0.335546875 0.5819444444444445 0.05234375 0.14444444444444443
6 0.5724609375 0.38055555555555554 0.048828125 0.2
9 0.75703125 0.44930555555555557 0.05390625 0.13472222222222222
7 0.4080078125 0.37222222222222223 0.054296875 0.29305555555555557
11 0.136328125 0.4982638888888889 0.06640625 0.17569444444444443
10 0.49262890625000005 0.36969444444444444 0.0498984375 0.2474097222222222
8 0.23259375000000002 0.4613263888888888 0.07973046875 0.20304166666666668