5 0.7359375 0.29305555555555557 0.03984375 0.12361111111111112
5 0.298046875 0.23645833333333333 0.040625 0.11458333333333333
0 0.5966796875 0.27569444444444446 0.030078125 0.14166666666666666
2 0.353515625 0.25277777777777777 0.040625 0.12083333333333333
3 0.33984375 0.34131944444444445 0.03046875 0.09097222222222222
2 0.6634765625 0.27534722222222224 0.037109375 0.13125
4 0.535546875 0.24722222222222223 0.04296875 0.1736111111111111
3 0.4599609375 0.36493055555555554 0.027734375 0.09236111111111112
3 0.589453125 0.38645833333333335 0.028125 0.09097222222222222
3 0.3958984375 0.3503472222222222 0.031640625 0.09236111111111112
3 0.72421875 0.4017361111111111 0.0328125 0.09513888888888888
3 0.525390625 0.3815972222222222 0.03046875 0.09652777777777778
0 0.4103515625 0.2548611111111111 0.036328125 0.13333333333333333
3 0.643359375 0.4 0.03046875 0.09722222222222222
3 0.276171875 0.328125 0.0359375 0.09097222222222222
9 0.313671875 0.8909722222222223 0.04765625 0.09444444444444444
0 0.4705078125 0.23854166666666668 0.037890625 0.19236111111111112
9 0.2380859375 0.8753472222222223 0.051953125 0.09791666666666667
9 0.4658203125 0.9211805555555556 0.041796875 0.09930555555555555
9 0.3826171875 0.9253472222222222 0.044140625 0.09930555555555555
9 0.5486328125 0.95 0.044140625 0.09861111111111111
9 0.1591796875 0.8711805555555555 0.056640625 0.09791666666666667
9 0.62734375 0.9586805555555555 0.03984375 0.08125