4 0.5185546875 0.6805555555555556 0.048828125 0.18888888888888888
5 0.7642578125 0.5913194444444444 0.044921875 0.11736111111111111
3 0.620703125 0.5708333333333333 0.02578125 0.09305555555555556
2 0.3818359375 0.7791666666666667 0.042578125 0.12638888888888888
3 0.7333984375 0.5215277777777778 0.033984375 0.09861111111111111
3 0.6740234375 0.5454861111111111 0.028515625 0.09375
3 0.4900390625 0.6180555555555556 0.031640625 0.1
3 0.4283203125 0.6517361111111111 0.029296875 0.09930555555555555
3 0.555078125 0.59375 0.0265625 0.10277777777777777
0 0.6443359375 0.6190972222222222 0.037109375 0.14930555555555555
9 0.590625 0.22777777777777777 0.0328125 0.09305555555555556
6 0.33046875 0.23993055555555556 0.03125 0.13819444444444445
6 0.4787109375 0.19930555555555557 0.026953125 0.13472222222222222
3 0.296484375 0.7138888888888889 0.0328125 0.10833333333333334
9 0.4490234375 0.2791666666666667 0.033203125 0.09583333333333334
9 0.54453125 0.24965277777777778 0.03359375 0.09513888888888888
9 0.4970703125 0.26840277777777777 0.034765625 0.09652777777777778
9 0.4015625 0.3059027777777778 0.0359375 0.09652777777777778
9 0.291015625 0.3392361111111111 0.0359375 0.09652777777777778
9 0.3443359375 0.32222222222222224 0.035546875 0.09583333333333334
2 0.703125 0.6086805555555556 0.04375 0.12291666666666666
8 0.2787109375 0.2690972222222222 0.030859375 0.12152777777777778
3 0.375390625 0.6690972222222222 0.03359375 0.09930555555555555
8 0.5220703125 0.18541666666666667 0.026953125 0.10833333333333334
9 0.2326171875 0.35138888888888886 0.039453125 0.09583333333333334
11 0.5666015625 0.17326388888888888 0.029296875 0.11041666666666666
0 0.452734375 0.7180555555555556 0.03671875 0.15416666666666667
7 0.3794921875 0.2013888888888889 0.031640625 0.18888888888888888
11 0.222265625 0.28958333333333336 0.0359375 0.11388888888888889
10 0.43046875 0.19756944444444444 0.03125 0.16458333333333333
1 0.581640625 0.6274305555555556 0.04296875 0.21597222222222223
5 0.299875 0.8219722222222223 0.05650390625 0.14147222222222222