5 0.90859375 0.4864583333333333 0.05390625 0.13541666666666666
2 0.56171875 0.825 0.04765625 0.15
10 0.4595703125 0.17083333333333334 0.037890625 0.1875
3 0.5720703125 0.6652777777777777 0.033984375 0.11805555555555555
3 0.44140625 0.7864583333333334 0.0375 0.12569444444444444
3 0.85546875 0.42256944444444444 0.03671875 0.10486111111111111
11 0.2384765625 0.3333333333333333 0.036328125 0.13055555555555556
0 0.624609375 0.7284722222222222 0.0453125 0.18472222222222223
9 0.2689453125 0.39861111111111114 0.042578125 0.10972222222222222
0 0.8021484375 0.5541666666666667 0.049609375 0.17083333333333334
6 0.354296875 0.24479166666666666 0.03359375 0.16041666666666668
9 0.3873046875 0.3329861111111111 0.037890625 0.10902777777777778
3 0.8001953125 0.46875 0.041796875 0.10555555555555556
9 0.628515625 0.16215277777777778 0.03203125 0.10069444444444445
9 0.445703125 0.30069444444444443 0.0390625 0.10694444444444444
9 0.33203125 0.3680555555555556 0.03984375 0.1111111111111111
11 0.5908203125 0.109375 0.030078125 0.11041666666666666
8 0.3029296875 0.29305555555555557 0.037890625 0.1388888888888889
9 0.58515625 0.20104166666666667 0.03515625 0.10347222222222222
3 0.515625 0.7083333333333334 0.03515625 0.11666666666666667
9 0.4912109375 0.25763888888888886 0.037109375 0.10833333333333334
9 0.5388671875 0.23194444444444445 0.035546875 0.10694444444444444
3 0.62890625 0.6097222222222223 0.0359375 0.11388888888888889
5 0.4810546875 0.9076388888888889 0.048046875 0.17222222222222222
1 0.7494140625 0.5854166666666667 0.063671875 0.24722222222222223
8 0.550390625 0.13402777777777777 0.02890625 0.12638888888888888
6 0.5078125 0.16041666666666668 0.0296875 0.15138888888888888
4 0.691015625 0.6552083333333333 0.0640625 0.23958333333333334
2 0.85390625 0.5225694444444444 0.04765625 0.14375
3 0.6966796875 0.5621527777777777 0.037890625 0.11736111111111111
7 0.4072265625 0.18784722222222222 0.041015625 0.21875