2 0.357421875 0.7798611111111111 0.0484375 0.09027777777777778
3 0.578515625 0.5288194444444444 0.034375 0.06180555555555556
0 0.7376953125 0.15625 0.046484375 0.09444444444444444
9 0.6404296875 0.6826388888888889 0.039453125 0.06666666666666667
2 0.730859375 0.5569444444444445 0.04296875 0.0763888888888889
9 0.428515625 0.6496527777777777 0.04453125 0.06319444444444444
11 0.2921875 0.7659722222222223 0.059375 0.08333333333333333
5 0.4375 0.403125 0.04453125 0.07291666666666667
6 0.4265625 0.9309027777777777 0.05390625 0.09791666666666667
5 0.6517578125 0.4239583333333333 0.044921875 0.07569444444444444
8 0.344140625 0.9097222222222222 0.05546875 0.10277777777777777
4 0.5142109375 0.26689583333333333 0.0711875 0.11643055555555555
1 0.29196484375 0.25909027777777777 0.07505859375 0.11260416666666667
3 0.35406640624999997 0.5376527777777778 0.055535156249999995 0.07460416666666667
10 0.5042500000000001 0.7910347222222222 0.063765625 0.12304861111111111
11 0.5714296875 0.9515625 0.04658984375 0.096875
8 0.6448632812499999 0.8125625 0.0481640625 0.09665277777777778
7 0.72356640625 0.8219305555555555 0.0587265625 0.13621527777777778
6 0.212578125 0.9010763888888889 0.07875390625 0.1139513888888889