5 0.85400390625 0.7421590080233407 0.0771484375 0.13785557986870897
11 0.655517578125 0.7217359591539022 0.06591796875 0.13931436907366884
1 0.740478515625 0.5966447848285923 0.08544921875 0.19547775346462437
4 0.618408203125 0.2910284463894967 0.06396484375 0.17359591539022612
3 0.715087890625 0.4048140043763676 0.05517578125 0.11232676878191102
3 0.69677734375 0.22975929978118162 0.048828125 0.10940919037199125
3 0.641357421875 0.5032822757111597 0.04736328125 0.10940919037199125
2 0.457763671875 0.38584974471188915 0.06396484375 0.13566739606126915
3 0.53564453125 0.2946754194018964 0.0439453125 0.10065645514223195
8 0.5302734375 0.1287381473377097 0.0546875 0.1349380014587892
8 0.46240234375 0.7242888402625821 0.0673828125 0.15171407731582787
6 0.455078125 0.5944566010211525 0.0546875 0.1415025528811087
10 0.38134765625 0.28227571115973743 0.05859375 0.1765134938001459
7 0.28759765625 0.35667396061269147 0.0673828125 0.20277169948942378
11 0.232421875 0.04886943836615609 0.046875 0.09773887673231219
9 0.456787109375 0.29576951130561635 0.04736328125 0.10138584974471189
9 0.306640625 0.047775346462436176 0.05078125 0.09555069292487235
9 0.307373046875 0.20459518599562362 0.04931640625 0.10576221735959154
9 0.27685546875 0.6010211524434719 0.060546875 0.11086797957695113