2 0.7337890625 0.8482638888888889 0.045703125 0.10486111111111111
0 0.7521484375 0.4409722222222222 0.047265625 0.06666666666666667
4 0.517578125 0.5295138888888888 0.05703125 0.08125
0 0.52641796875 0.2692361111111111 0.05654296875 0.10457638888888889
5 0.6618515625 0.6987916666666667 0.04933984375 0.11144444444444444
3 0.58109765625 0.7970208333333334 0.0409296875 0.08025694444444444
3 0.3529921875 0.7820972222222222 0.05182421875 0.0753888888888889
1 0.2969453125 0.5023263888888889 0.089703125 0.10715277777777779
5 0.43931250000000005 0.6444652777777777 0.051058593750000006 0.08329166666666667
9 0.63880859375 0.9580833333333334 0.0407421875 0.07758333333333334
9 0.42486328125000006 0.9093125000000001 0.04871484375 0.0883125