10 0.345703125 0.14843180160466812 0.0732421875 0.18016046681254558
6 0.184326171875 0.14916119620714807 0.06298828125 0.13785557986870897
11 0.19775390625 0.08935083880379285 0.0634765625 0.1261852662290299
7 0.16552734375 0.30452224653537563 0.0771484375 0.2049598832968636
8 0.2353515625 0.7910284463894968 0.0859375 0.16557257476294676
9 0.2744140625 0.1652078774617068 0.0595703125 0.11889132020423049
9 0.260009765625 0.33698030634573306 0.05615234375 0.11232676878191102
9 0.260498046875 0.43800145878920493 0.05908203125 0.1174325309992706
9 0.357421875 0.562363238512035 0.0615234375 0.1137855579868709
1 0.769775390625 0.29722830051057625 0.08447265625 0.19912472647702406
0 0.5986328125 0.16083150984682712 0.0595703125 0.14077315827862874
2 0.2431640625 0.637855579868709 0.076171875 0.16411378555798686
2 0.349609375 0.4365426695842451 0.0673828125 0.16411378555798686
5 0.57080078125 0.0787746170678337 0.056640625 0.12691466083150985
5 0.511474609375 0.34318016046681254 0.06396484375 0.1349380014587892
3 0.41552734375 0.18526622902990517 0.05078125 0.1137855579868709
3 0.684326171875 0.34062727935813275 0.04833984375 0.11524434719183078
3 0.546142578125 0.6648431801604668 0.05908203125 0.12472647702407003
3 0.604248046875 0.5382932166301969 0.05712890625 0.12545587162654998