0 0.708251953125 0.613420860685631 0.07177734375 0.13566739606126915
1 0.7880859375 0.3665207877461707 0.080078125 0.20204230488694383
4 0.59912109375 0.2935813274981765 0.060546875 0.1772428884026258
5 0.837890625 0.7330415754923414 0.08203125 0.13420860685630925
5 0.58837890625 0.06491611962071481 0.0478515625 0.11670313639679067
3 0.664306640625 0.14332603938730853 0.04443359375 0.10576221735959154
3 0.676025390625 0.22538293216630198 0.04931640625 0.10357403355215171
3 0.700439453125 0.40299051787016776 0.05419921875 0.10722100656455143
3 0.70751953125 0.5061998541210795 0.052734375 0.10795040116703136
3 0.640380859375 0.7403355215171408 0.05712890625 0.11816192560175055
3 0.517822265625 0.06637490882567469 0.04541015625 0.10795040116703136
3 0.52001953125 0.30087527352297594 0.046875 0.10430342815463166
2 0.58984375 0.13384390955506928 0.0517578125 0.1349380014587892
2 0.4423828125 0.3953318745441284 0.056640625 0.14442013129102846
10 0.363525390625 0.2946754194018964 0.06494140625 0.17067833698030635
11 0.25341796875 0.7388767323121809 0.0673828125 0.13129102844638948
11 0.205810546875 0.05470459518599562 0.05908203125 0.10940919037199125
7 0.171142578125 0.362509117432531 0.07373046875 0.1925601750547046
6 0.15771484375 0.487600291757841 0.0634765625 0.1363967906637491
8 0.364990234375 0.19073668854850473 0.05419921875 0.12910284463894967
8 0.162109375 0.6032093362509118 0.07421875 0.14296134208606856
9 0.4365234375 0.30087527352297594 0.048828125 0.10576221735959154
9 0.285888671875 0.05798687089715536 0.04931640625 0.10284463894967177
9 0.2880859375 0.21663019693654267 0.048828125 0.10357403355215171
9 0.27294921875 0.4088256746900073 0.0595703125 0.10430342815463166
9 0.26318359375 0.512399708242159 0.0556640625 0.10284463894967177
9 0.2626953125 0.6156090444930707 0.0576171875 0.10940919037199125
9 0.44970703125 0.737417943107221 0.0546875 0.11816192560175055