2 0.444091796875 0.39569657184536833 0.06298828125 0.1349380014587892
3 0.519287109375 0.06564551422319474 0.04638671875 0.1050328227571116
5 0.840576171875 0.7355944566010212 0.08349609375 0.14077315827862874
1 0.804931640625 0.486870897155361 0.08740234375 0.20058351568198396
4 0.59912109375 0.2921225382932166 0.0634765625 0.18161925601750548
3 0.697265625 0.4059080962800875 0.0498046875 0.10576221735959154
3 0.676513671875 0.23048869438366157 0.04443359375 0.10357403355215171
3 0.516357421875 0.30488694383661563 0.04931640625 0.10211524434719182
3 0.623046875 0.5054704595185996 0.0517578125 0.10795040116703136
11 0.640625 0.7180889861415025 0.0732421875 0.1422319474835886
11 0.2099609375 0.0587162654996353 0.0595703125 0.1174325309992706
10 0.362548828125 0.29431072210065645 0.05908203125 0.17432530999270604
7 0.27001953125 0.3727206418672502 0.072265625 0.19547775346462437
6 0.44091796875 0.6013858497447119 0.0615234375 0.1436907366885485
8 0.508544921875 0.13566739606126915 0.05322265625 0.13274981765134938
8 0.358154296875 0.4959883296863603 0.06396484375 0.1415025528811087
9 0.43603515625 0.30051057622173594 0.048828125 0.10357403355215171
9 0.28369140625 0.05725747629467542 0.048828125 0.10284463894967177
9 0.287841796875 0.21699489423778265 0.04638671875 0.10867979576951131
9 0.26220703125 0.611962071480671 0.0576171875 0.11670313639679067