6 0.2607421875 0.4465277777777778 0.047265625 0.15694444444444444
11 0.2083984375 0.6149305555555555 0.054296875 0.13819444444444445
5 0.721875 0.74375 0.04921875 0.14722222222222223
3 0.6359375 0.7180555555555556 0.03515625 0.11388888888888889
8 0.23984375 0.5288194444444444 0.04765625 0.1423611111111111
9 0.3990234375 0.26006944444444446 0.033203125 0.08819444444444445
9 0.2736328125 0.6388888888888888 0.044921875 0.11527777777777778
2 0.72421875 0.6277777777777778 0.04765625 0.15138888888888888
3 0.67421875 0.24270833333333333 0.02734375 0.09791666666666667
9 0.3841796875 0.3104166666666667 0.034765625 0.09722222222222222
3 0.6482421875 0.4791666666666667 0.030078125 0.1125
3 0.6345703125 0.6170138888888889 0.034765625 0.10347222222222222
9 0.33046875 0.49027777777777776 0.0359375 0.09861111111111111
3 0.6451171875 0.540625 0.033984375 0.12152777777777778
3 0.657421875 0.41006944444444443 0.03125 0.09930555555555555
9 0.3552734375 0.4204861111111111 0.033984375 0.10347222222222222
7 0.283984375 0.35833333333333334 0.05625 0.21944444444444444
11 0.358203125 0.1951388888888889 0.0359375 0.1111111111111111
10 0.3103515625 0.31319444444444444 0.048046875 0.18611111111111112
9 0.3083984375 0.559375 0.041015625 0.10486111111111111
3 0.669921875 0.2947916666666667 0.028125 0.09375
6 0.334375 0.26944444444444443 0.0375 0.15
9 0.41015625 0.209375 0.028125 0.09097222222222222
0 0.7193359375 0.53125 0.046484375 0.15555555555555556
9 0.3634765625 0.35694444444444445 0.035546875 0.1
3 0.667125 0.3300763888888889 0.034890624999999995 0.06223611111111112
5 0.7353828124999999 0.21465972222222224 0.03705078125 0.05710416666666667
8 0.347421875 0.23582638888888888 0.026492187499999997 0.11471527777777778