1 0.771240234375 0.300145878920496 0.07373046875 0.19328956965718452
4 0.706787109375 0.4099197665937272 0.07177734375 0.17067833698030635
2 0.60791015625 0.34172137126185265 0.0546875 0.1349380014587892
2 0.813720703125 0.5466812545587163 0.07958984375 0.1276440554339898
5 0.84912109375 0.7833698030634574 0.0771484375 0.12983223924142961
5 0.72998046875 0.08643326039387308 0.0546875 0.11889132020423049
0 0.648681640625 0.08169219547775347 0.05419921875 0.13274981765134938
0 0.51953125 0.3311451495258935 0.048828125 0.13274981765134938
3 0.74169921875 0.7844638949671773 0.056640625 0.11013858497447118
3 0.68212890625 0.3428154631655726 0.044921875 0.10357403355215171
3 0.57763671875 0.17833698030634573 0.0419921875 0.10138584974471189
3 0.506591796875 0.09153902261123267 0.04150390625 0.09846827133479212
3 0.513427734375 0.2633114514952589 0.04345703125 0.10357403355215171
3 0.59765625 0.5463165572574763 0.05078125 0.1050328227571116
3 0.54296875 0.6684901531728665 0.0478515625 0.11159737417943107
3 0.35546875 0.4522246535375638 0.0546875 0.10211524434719182
8 0.351806640625 0.3282275711159737 0.05517578125 0.13274981765134938
7 0.162353515625 0.4062727935813275 0.07177734375 0.19401896425966447
11 0.162109375 0.5466812545587163 0.0673828125 0.13056163384390956
11 0.345703125 0.7782640408460978 0.06640625 0.13566739606126915
11 0.197021484375 0.08825674690007294 0.05029296875 0.11524434719183078
6 0.185302734375 0.15207877461706784 0.05517578125 0.1422319474835886
6 0.1416015625 0.6670313639679066 0.068359375 0.14660831509846828
10 0.274169921875 0.21918307804522247 0.06884765625 0.16411378555798686
9 0.274658203125 0.16411378555798686 0.04052734375 0.09482129832239242
9 0.413818359375 0.08460977388767323 0.04248046875 0.10065645514223195
9 0.418212890625 0.24653537563822028 0.04345703125 0.10211524434719182
9 0.259033203125 0.3384390955506929 0.04638671875 0.10211524434719182
9 0.246826171875 0.6655725747629467 0.05615234375 0.11013858497447118
9 0.25927734375 0.4365426695842451 0.0546875 0.10722100656455143
9 0.42822265625 0.5598103574033552 0.0537109375 0.10867979576951131
9 0.447509765625 0.788475565280817 0.05517578125 0.11232676878191102