5 0.2904296875 0.24027777777777778 0.052734375 0.14444444444444443
0 0.4291015625 0.24965277777777778 0.050390625 0.18263888888888888
2 0.758203125 0.2670138888888889 0.05078125 0.16875
3 0.26015625 0.34618055555555555 0.046875 0.11597222222222223
3 0.3396484375 0.3590277777777778 0.040234375 0.11805555555555555
4 0.5884765625 0.22916666666666666 0.056640625 0.2388888888888889
3 0.490234375 0.3815972222222222 0.0375 0.12291666666666666
3 0.7345703125 0.4166666666666667 0.041015625 0.13333333333333333
0 0.66875 0.2625 0.03984375 0.19027777777777777
2 0.3583984375 0.25381944444444443 0.051953125 0.15763888888888888
5 0.853125 0.28125 0.05625 0.15694444444444444
3 0.84296875 0.41631944444444446 0.04375 0.12986111111111112
3 0.661328125 0.40243055555555557 0.0390625 0.12430555555555556
1 0.50703125 0.22013888888888888 0.05390625 0.2652777777777778
3 0.5765625 0.3996527777777778 0.0390625 0.12708333333333333
3 0.4107421875 0.36701388888888886 0.041015625 0.12291666666666666