5 0.280078125 0.3003472222222222 0.0578125 0.15347222222222223
2 0.75625 0.33819444444444446 0.0515625 0.16527777777777777
4 0.5845703125 0.30277777777777776 0.058984375 0.23333333333333334
0 0.421875 0.32222222222222224 0.05234375 0.175
2 0.3494140625 0.32256944444444446 0.052734375 0.15625
0 0.665234375 0.3385416666666667 0.040625 0.18819444444444444
3 0.331640625 0.43819444444444444 0.04765625 0.11666666666666667
3 0.2509765625 0.4232638888888889 0.049609375 0.11597222222222223
3 0.4865234375 0.4642361111111111 0.037890625 0.12013888888888889
5 0.8525390625 0.35381944444444446 0.058984375 0.16458333333333333
3 0.40390625 0.4482638888888889 0.0453125 0.12013888888888889
3 0.8419921875 0.4986111111111111 0.044921875 0.12916666666666668
3 0.6580078125 0.4864583333333333 0.041796875 0.12152777777777778
3 0.5724609375 0.4829861111111111 0.041796875 0.12708333333333333
3 0.7326171875 0.5020833333333333 0.041015625 0.13055555555555556
1 0.4998046875 0.29444444444444445 0.055078125 0.25972222222222224