5 0.31484375 0.209375 0.04296875 0.12152777777777778
0 0.636328125 0.24479166666666666 0.03359375 0.15347222222222223
5 0.7896484375 0.2673611111111111 0.044140625 0.13333333333333333
2 0.37421875 0.22569444444444445 0.04375 0.13333333333333333
3 0.41875 0.32881944444444444 0.034375 0.10208333333333333
3 0.3591796875 0.31875 0.033984375 0.1
3 0.291015625 0.30520833333333336 0.0375 0.09930555555555555
0 0.435546875 0.2263888888888889 0.0390625 0.1486111111111111
3 0.6291015625 0.3659722222222222 0.031640625 0.1
3 0.4873046875 0.34305555555555556 0.030078125 0.10138888888888889
3 0.77734375 0.38333333333333336 0.03671875 0.10555555555555556
4 0.5701171875 0.21736111111111112 0.043359375 0.19444444444444445
3 0.6888671875 0.3798611111111111 0.032421875 0.10694444444444444
2 0.7099609375 0.2503472222222222 0.041796875 0.13958333333333334
3 0.5580078125 0.36041666666666666 0.033203125 0.10694444444444444
9 0.241015625 0.8857638888888889 0.05703125 0.10902777777777778
9 0.3251953125 0.9027777777777778 0.051171875 0.10833333333333334
9 0.1552734375 0.8777777777777778 0.062109375 0.10972222222222222
9 0.491015625 0.9420138888888889 0.046875 0.11041666666666666
9 0.3984375 0.9420138888888889 0.05078125 0.11041666666666666
9 0.5833984375 0.9607638888888889 0.048046875 0.07708333333333334
1 0.5009765625 0.2048611111111111 0.042578125 0.2152777777777778