5 0.467578125 0.9038194444444444 0.03984375 0.14930555555555555
5 0.7462890625 0.4652777777777778 0.035546875 0.11527777777777778
0 0.56328125 0.7204861111111112 0.03515625 0.16041666666666668
2 0.5234375 0.8118055555555556 0.0421875 0.14444444444444443
6 0.2513671875 0.41354166666666664 0.037109375 0.1451388888888889
11 0.1552734375 0.5225694444444444 0.044921875 0.12013888888888889
3 0.4669921875 0.7420138888888889 0.032421875 0.11041666666666666
3 0.508203125 0.6916666666666667 0.02890625 0.10833333333333334
9 0.4794921875 0.2861111111111111 0.032421875 0.09305555555555556
3 0.545703125 0.6309027777777778 0.0296875 0.10347222222222222
3 0.6966796875 0.4371527777777778 0.030078125 0.09791666666666667
10 0.337109375 0.33229166666666665 0.0375 0.17152777777777778
3 0.589453125 0.5763888888888888 0.028125 0.09861111111111111
9 0.41328125 0.35694444444444445 0.03515625 0.10416666666666667
3 0.415234375 0.828125 0.03515625 0.11736111111111111
9 0.4486328125 0.32430555555555557 0.031640625 0.09444444444444444
8 0.4091796875 0.28541666666666665 0.028515625 0.11944444444444445
9 0.2927734375 0.48055555555555557 0.035546875 0.09722222222222222
9 0.3751953125 0.39305555555555555 0.030859375 0.09027777777777778
9 0.33984375 0.44027777777777777 0.03515625 0.09444444444444444
9 0.2466796875 0.5270833333333333 0.038671875 0.09583333333333334
11 0.440234375 0.25625 0.028125 0.10277777777777777
7 0.294140625 0.3524305555555556 0.04140625 0.18958333333333333
8 0.208984375 0.46979166666666666 0.03671875 0.12430555555555556
9 0.19140625 0.5711805555555556 0.040625 0.10208333333333333
4 0.6080078125 0.6458333333333334 0.051953125 0.20277777777777778
0 0.6765625 0.534375 0.0359375 0.15902777777777777
3 0.661328125 0.4822916666666667 0.02890625 0.09513888888888888
6 0.3794921875 0.3125 0.029296875 0.1361111111111111
1 0.6396484375 0.5729166666666666 0.053515625 0.2152777777777778
2 0.706640625 0.5065972222222223 0.0375 0.12152777777777778