1 0.7331730769230769 0.18990384615384615 0.8365384615384616 0.18990384615384615 0.8365384615384616 0.41586538461538464 0.7331730769230769 0.41586538461538464
2 0.59375 0.7139423076923077 0.6923076923076923 0.7139423076923077 0.6923076923076923 0.8918269230769231 0.59375 0.8918269230769231
5 0.6418269230769231 0.07692307692307693 0.7115384615384616 0.07692307692307693 0.7115384615384616 0.2283653846153846 0.6418269230769231 0.2283653846153846
3 0.6730769230769231 0.49759615384615385 0.7403846153846154 0.49759615384615385 0.7403846153846154 0.6225961538461539 0.6730769230769231 0.6225961538461539
3 0.4879807692307692 0.28125 0.5480769230769231 0.28125 0.5480769230769231 0.40865384615384615 0.4879807692307692 0.40865384615384615
0 0.4951923076923077 0.46875 0.5625 0.46875 0.5625 0.6322115384615384 0.4951923076923077 0.6322115384615384
0 0.30528846153846156 0.040865384615384616 0.38461538461538464 0.040865384615384616 0.38461538461538464 0.21394230769230768 0.30528846153846156 0.21394230769230768
7 0.0985576923076923 0.2692307692307692 0.20192307692307693 0.2692307692307692 0.20192307692307693 0.49759615384615385 0.0985576923076923 0.49759615384615385
9 0.28846153846153844 0.4807692307692308 0.35336538461538464 0.4807692307692308 0.35336538461538464 0.6129807692307693 0.28846153846153844 0.6129807692307693
8 0.1346153846153846 0.026442307692307692 0.21634615384615385 0.026442307692307692 0.21634615384615385 0.20673076923076922 0.1346153846153846 0.20673076923076922
6 0.47596153846153844 0.016826923076923076 0.5432692307692307 0.016826923076923076 0.5432692307692307 0.12259615384615384 0.47596153846153844 0.12259615384615384
6 0.0673076923076923 0.5625 0.15144230769230768 0.5625 0.15144230769230768 0.7307692307692307 0.0673076923076923 0.7307692307692307