2 0.5333984375 0.8541666666666666 0.046484375 0.15138888888888888
5 0.8751953125 0.5204861111111111 0.049609375 0.13402777777777777
6 0.480859375 0.2125 0.028125 0.14722222222222223
6 0.328515625 0.2920138888888889 0.034375 0.16041666666666668
0 0.59609375 0.7565972222222223 0.04375 0.19375
10 0.4328125 0.2222222222222222 0.03671875 0.18194444444444444
3 0.4875 0.7420138888888889 0.03828125 0.12013888888888889
3 0.543359375 0.6979166666666666 0.0328125 0.11805555555555555
3 0.4130859375 0.8201388888888889 0.039453125 0.12777777777777777
5 0.452734375 0.9236111111111112 0.0453125 0.14583333333333334
9 0.241796875 0.440625 0.0421875 0.11458333333333333
9 0.5990234375 0.21215277777777777 0.036328125 0.10208333333333333
3 0.7693359375 0.5090277777777777 0.041015625 0.10833333333333334
8 0.521484375 0.18645833333333334 0.028125 0.1284722222222222
9 0.361328125 0.37777777777777777 0.0375 0.10833333333333334
9 0.30546875 0.4111111111111111 0.03828125 0.10833333333333334
0 0.7705078125 0.5871527777777777 0.052734375 0.17291666666666666
9 0.4634765625 0.303125 0.035546875 0.10625
7 0.38046875 0.23854166666666668 0.03828125 0.21458333333333332
9 0.5564453125 0.2482638888888889 0.033984375 0.10486111111111111
11 0.561328125 0.16805555555555557 0.03046875 0.12083333333333333
9 0.419140625 0.34618055555555555 0.0375 0.1076388888888889
9 0.5107421875 0.28229166666666666 0.033984375 0.10347222222222222
8 0.2755859375 0.33993055555555557 0.036328125 0.13819444444444445
3 0.6 0.6434027777777778 0.03515625 0.11736111111111111
11 0.212109375 0.3795138888888889 0.03671875 0.12708333333333333
2 0.8224609375 0.5559027777777777 0.055078125 0.1451388888888889
4 0.661328125 0.6920000000000001 0.06328125 0.22433333333333336
1 0.7195625 0.6182291666666667 0.04915625 0.2503402777777778