5 0.803515625 0.45 0.03828125 0.11944444444444445
0 0.5951171875 0.6881944444444444 0.037109375 0.16111111111111112
11 0.2123046875 0.44722222222222224 0.037109375 0.12083333333333333
3 0.49921875 0.6979166666666666 0.03203125 0.10694444444444444
5 0.487109375 0.8555555555555555 0.0390625 0.1527777777777778
2 0.55 0.7756944444444445 0.040625 0.14027777777777778
3 0.5845703125 0.6003472222222223 0.030859375 0.11319444444444444
3 0.541796875 0.6506944444444445 0.03046875 0.10555555555555556
9 0.24453125 0.49930555555555556 0.03828125 0.09861111111111111
8 0.265234375 0.4017361111111111 0.03203125 0.12152777777777778
9 0.2998046875 0.46284722222222224 0.038671875 0.09791666666666667
10 0.396875 0.27569444444444446 0.034375 0.17083333333333334
9 0.345703125 0.4232638888888889 0.0359375 0.09930555555555555
4 0.644921875 0.6135416666666667 0.0515625 0.21319444444444444
9 0.5068359375 0.2809027777777778 0.032421875 0.09652777777777778
8 0.469921875 0.23645833333333333 0.02578125 0.11180555555555556
6 0.3103515625 0.3524305555555556 0.035546875 0.1451388888888889
3 0.4427734375 0.7753472222222222 0.035546875 0.11597222222222223
6 0.4380859375 0.2625 0.026953125 0.14027777777777778
9 0.5404296875 0.24166666666666667 0.030859375 0.09166666666666666
9 0.3943359375 0.384375 0.035546875 0.09930555555555555
9 0.4712890625 0.30868055555555557 0.035546875 0.10902777777777778
9 0.4302734375 0.34270833333333334 0.032421875 0.09513888888888888
3 0.7552734375 0.41215277777777776 0.030859375 0.09652777777777778
0 0.7240234375 0.5177083333333333 0.040234375 0.15347222222222223
2 0.7599609375 0.4847222222222222 0.039453125 0.13333333333333333
3 0.6337890625 0.5475694444444444 0.030859375 0.10208333333333333
3 0.715234375 0.46041666666666664 0.03046875 0.10138888888888889
7 0.3517578125 0.29444444444444445 0.040234375 0.1986111111111111
11 0.50390625 0.2111111111111111 0.025 0.1125
1 0.6853515625 0.5496527777777778 0.048046875 0.21875