5 0.74140625 0.46493055555555557 0.0359375 0.11319444444444444
0 0.552734375 0.7152777777777778 0.0375 0.16111111111111112
6 0.2494140625 0.4027777777777778 0.034765625 0.14305555555555555
5 0.4544921875 0.8944444444444445 0.041015625 0.15
11 0.152734375 0.5065972222222223 0.0453125 0.12152777777777778
7 0.2916015625 0.3423611111111111 0.040234375 0.19166666666666668
3 0.5 0.6861111111111111 0.03203125 0.10972222222222222
2 0.5109375 0.8065972222222222 0.04296875 0.13958333333333334
3 0.4572265625 0.7347222222222223 0.033203125 0.10833333333333334
3 0.5828125 0.571875 0.02890625 0.09652777777777778
9 0.4125 0.35138888888888886 0.03515625 0.10277777777777777
9 0.48046875 0.28194444444444444 0.0296875 0.08888888888888889
3 0.5375 0.6263888888888889 0.02734375 0.09861111111111111
9 0.2896484375 0.4708333333333333 0.036328125 0.09861111111111111
3 0.69140625 0.43680555555555556 0.03046875 0.09861111111111111
8 0.4099609375 0.27708333333333335 0.030078125 0.11388888888888889
0 0.6708984375 0.5375 0.038671875 0.1486111111111111
8 0.20625 0.4565972222222222 0.0359375 0.12430555555555556
9 0.3390625 0.43020833333333336 0.03359375 0.09513888888888888
9 0.2439453125 0.515625 0.039453125 0.09652777777777778
9 0.374609375 0.3836805555555556 0.0328125 0.09513888888888888
4 0.5974609375 0.64375 0.048828125 0.19722222222222222
9 0.4482421875 0.31805555555555554 0.030859375 0.09583333333333334
3 0.404296875 0.8177083333333334 0.034375 0.11736111111111111
3 0.65703125 0.48368055555555556 0.0296875 0.10069444444444445
10 0.33671875 0.3215277777777778 0.0359375 0.17083333333333334
9 0.1869140625 0.5572916666666666 0.041796875 0.10069444444444445
6 0.37890625 0.3034722222222222 0.0296875 0.1388888888888889
1 0.6341796875 0.5729166666666666 0.048828125 0.2111111111111111
11 0.442578125 0.2517361111111111 0.028125 0.10902777777777778
2 0.7029296875 0.5052083333333334 0.035546875 0.12013888888888889