0 0.740478515625 0.15681983953318746 0.04931640625 0.12983223924142961
0 0.522216796875 0.32603938730853393 0.04833984375 0.12983223924142961
4 0.707763671875 0.4113785557986871 0.05126953125 0.1648431801604668
2 0.770751953125 0.29722830051057625 0.07177734375 0.187454412837345
5 0.850341796875 0.7833698030634574 0.07275390625 0.13858497447118892
5 0.726318359375 0.08351568198395332 0.05224609375 0.1174325309992706
2 0.816162109375 0.5455871626549964 0.07177734375 0.13566739606126915
3 0.682861328125 0.3428154631655726 0.04248046875 0.10211524434719182
2 0.605712890625 0.34463894967177244 0.05908203125 0.1363967906637491
3 0.654296875 0.09263311451495258 0.0419921875 0.09919766593727207
3 0.576904296875 0.17687819110138586 0.04345703125 0.10138584974471189
3 0.51416015625 0.26258205689277897 0.0419921875 0.10357403355215171
3 0.529296875 0.44821298322392417 0.05078125 0.10430342815463166
3 0.74365234375 0.7826404084609774 0.0517578125 0.11232676878191102
3 0.599853515625 0.5459518599562363 0.04736328125 0.10722100656455143
3 0.54248046875 0.6670313639679066 0.052734375 0.11013858497447118
8 0.351806640625 0.3274981765134938 0.05712890625 0.13129102844638948
11 0.347412109375 0.7771699489423778 0.06396484375 0.1363967906637491
11 0.197998046875 0.09153902261123267 0.04833984375 0.11597374179431072
6 0.18603515625 0.15061998541210794 0.0546875 0.14077315827862874
6 0.141845703125 0.6626549963530269 0.06494140625 0.14077315827862874
7 0.1630859375 0.4084609773887673 0.0712890625 0.19693654266958424
9 0.417724609375 0.24580598103574033 0.04345703125 0.10211524434719182
10 0.2734375 0.2213712618526623 0.0673828125 0.16557257476294676
9 0.4130859375 0.08679795769511306 0.0419921875 0.09773887673231219
9 0.27197265625 0.16338439095550694 0.0419921875 0.0962800875273523
9 0.260498046875 0.33953318745441285 0.04833984375 0.10138584974471189
9 0.260986328125 0.43727206418672504 0.05224609375 0.10867979576951131
9 0.248291015625 0.6673960612691466 0.04638671875 0.10065645514223195
9 0.431396484375 0.5536105032822757 0.04541015625 0.11524434719183078
9 0.44970703125 0.788475565280817 0.0556640625 0.10795040116703136