2 0.42734375 0.8204861111111111 0.040625 0.1284722222222222
5 0.75390625 0.5684027777777778 0.0421875 0.11319444444444444
0 0.4873046875 0.7506944444444444 0.037109375 0.14722222222222223
3 0.327734375 0.7767361111111111 0.03515625 0.10902777777777778
5 0.3513671875 0.8809027777777778 0.042578125 0.1423611111111111
8 0.240625 0.32083333333333336 0.03125 0.125
6 0.436328125 0.2263888888888889 0.02734375 0.13472222222222222
6 0.291015625 0.28541666666666665 0.028125 0.1388888888888889
3 0.450390625 0.6881944444444444 0.02890625 0.09583333333333334
7 0.340625 0.23993055555555556 0.0328125 0.1909722222222222
3 0.4 0.7180555555555556 0.03125 0.10138888888888889
9 0.2037109375 0.4114583333333333 0.037109375 0.10486111111111111
11 0.18203125 0.35104166666666664 0.03359375 0.11597222222222223
3 0.5041015625 0.6434027777777778 0.030859375 0.10069444444444445
9 0.3162109375 0.36770833333333336 0.033984375 0.09652777777777778
9 0.5451171875 0.2420138888888889 0.033984375 0.09236111111111112
9 0.26328125 0.39340277777777777 0.0359375 0.09652777777777778
9 0.4154296875 0.3111111111111111 0.031640625 0.09305555555555556
9 0.459375 0.2954861111111111 0.0328125 0.09375
9 0.503125 0.2722222222222222 0.0328125 0.09166666666666666
9 0.3712890625 0.34479166666666666 0.035546875 0.09513888888888888
0 0.653515625 0.615625 0.04375 0.1451388888888889
10 0.39140625 0.23194444444444445 0.03203125 0.1625
3 0.5623046875 0.6034722222222222 0.029296875 0.09166666666666666
3 0.7150390625 0.5149305555555556 0.034765625 0.1076388888888889
11 0.515234375 0.18958333333333333 0.03203125 0.10694444444444444
2 0.70234375 0.59375 0.04609375 0.12777777777777777
3 0.6662109375 0.5329861111111112 0.026171875 0.07569444444444444
8 0.4771484375 0.20868055555555556 0.026171875 0.10902777777777778
4 0.548046875 0.6996527777777778 0.053125 0.1840277777777778
1 0.6033203125 0.6368055555555555 0.060546875 0.20833333333333334