11 0.641845703125 0.7210065645514223 0.07177734375 0.1349380014587892
5 0.83984375 0.7312180889861415 0.076171875 0.13347921225382933
1 0.722412109375 0.5900802334062728 0.08154296875 0.20277169948942378
4 0.599365234375 0.29175784099197666 0.06005859375 0.17067833698030635
3 0.697998046875 0.40663749088256745 0.04931640625 0.10867979576951131
3 0.67578125 0.2235594456601021 0.0439453125 0.10576221735959154
3 0.62451171875 0.5036469730123997 0.05078125 0.10867979576951131
3 0.519775390625 0.3026987600291758 0.05224609375 0.10649161196207148
10 0.363525390625 0.2910284463894967 0.05908203125 0.17359591539022612
7 0.267333984375 0.37345003646973013 0.07373046875 0.19839533187454414
6 0.44189453125 0.5991976659372721 0.0634765625 0.15244347191830782
11 0.20849609375 0.05616338439095551 0.056640625 0.11232676878191102
2 0.4384765625 0.39606126914660833 0.060546875 0.13566739606126915
8 0.5068359375 0.13712618526622902 0.0546875 0.1400437636761488
8 0.354736328125 0.49416484318016046 0.05712890625 0.1436907366885485
9 0.435546875 0.30087527352297594 0.0478515625 0.099927060539752
9 0.284912109375 0.059445660102115244 0.04833984375 0.09700948212983224
9 0.287841796875 0.2162654996353027 0.04638671875 0.10430342815463166
9 0.2646484375 0.6148796498905909 0.0556640625 0.10940919037199125