0 0.6431640625 0.5777777777777777 0.038671875 0.1527777777777778
3 0.675390625 0.5079861111111111 0.0328125 0.09791666666666667
2 0.369921875 0.7208333333333333 0.04609375 0.14444444444444443
3 0.4849609375 0.5736111111111111 0.028515625 0.10138888888888889
4 0.5111328125 0.6284722222222222 0.049609375 0.2013888888888889
3 0.7400390625 0.48541666666666666 0.033203125 0.10277777777777777
0 0.44375 0.6704861111111111 0.0359375 0.16041666666666668
3 0.552734375 0.5517361111111111 0.02734375 0.10208333333333333
3 0.61875 0.5309027777777777 0.02890625 0.09652777777777778
9 0.5546875 0.21284722222222222 0.0328125 0.09652777777777778
3 0.4220703125 0.6038194444444445 0.026953125 0.09930555555555555
9 0.504296875 0.2309027777777778 0.0328125 0.09930555555555555
2 0.70546875 0.56875 0.04765625 0.12916666666666668
9 0.45625 0.2388888888888889 0.034375 0.09722222222222222
6 0.489453125 0.16006944444444443 0.02734375 0.13541666666666666
3 0.2869140625 0.6621527777777778 0.037109375 0.1076388888888889
6 0.3376953125 0.19722222222222222 0.031640625 0.14027777777777778
9 0.6025390625 0.18993055555555555 0.033984375 0.09513888888888888
5 0.7689453125 0.5545138888888889 0.044921875 0.12430555555555556
9 0.349609375 0.2791666666666667 0.03515625 0.09722222222222222
9 0.40703125 0.26631944444444444 0.03359375 0.09652777777777778
7 0.38671875 0.16006944444444443 0.0328125 0.19375
10 0.4392578125 0.15729166666666666 0.031640625 0.1701388888888889
9 0.29609375 0.2965277777777778 0.0390625 0.09861111111111111
11 0.5796875 0.13506944444444444 0.028125 0.11319444444444444
3 0.3673828125 0.6180555555555556 0.030078125 0.09583333333333334
1 0.574609375 0.5826388888888889 0.0453125 0.225
8 0.53549609375 0.14682638888888888 0.0325234375 0.10981944444444444
8 0.28688671875 0.2257986111111111 0.04927734375 0.1289583333333333
9 0.23689062500000002 0.3032013888888889 0.03989453125 0.09220833333333334
11 0.22712500000000002 0.2417638888888889 0.043796875 0.11091666666666666
5 0.28473828125 0.7653958333333334 0.057476562499999995 0.15046527777777777