8 0.429931640625 0.15827862873814733 0.05908203125 0.1400437636761488
8 0.234375 0.7906637490882568 0.0791015625 0.15900802334062727
7 0.164306640625 0.4088256746900073 0.08544921875 0.2137126185266229
10 0.34375 0.15171407731582787 0.06640625 0.175054704595186
11 0.197998046875 0.08825674690007294 0.06982421875 0.13129102844638948
6 0.18603515625 0.1513493800145879 0.0654296875 0.14660831509846828
6 0.355712890625 0.4263311451495259 0.06396484375 0.14806710430342815
9 0.4111328125 0.08315098468271334 0.056640625 0.1050328227571116
9 0.272216796875 0.16447848285922684 0.05322265625 0.10138584974471189
9 0.258544921875 0.33552151714077316 0.05712890625 0.1137855579868709
9 0.248046875 0.6633843909555069 0.0576171875 0.1174325309992706
9 0.259765625 0.4361779722830051 0.056640625 0.11962071480671042
1 0.767578125 0.2986870897155361 0.083984375 0.2064186725018235
2 0.597900390625 0.33661560904449306 0.05908203125 0.15098468271334792
2 0.43994140625 0.7811816192560175 0.0712890625 0.15317286652078774
5 0.568359375 0.07695113056163384 0.0537109375 0.12910284463894967
5 0.521240234375 0.43544857768052514 0.06201171875 0.13858497447118892
0 0.596435546875 0.15937272064186725 0.04833984375 0.14952589350838805
0 0.35888671875 0.5430342815463166 0.0625 0.14952589350838805
3 0.51416015625 0.2647702407002188 0.0478515625 0.10795040116703136
3 0.4892578125 0.1714077315827863 0.05078125 0.10211524434719182
3 0.686279296875 0.34719183078045224 0.05224609375 0.11086797957695113
3 0.744384765625 0.7851932895696572 0.05908203125 0.12035010940919037
3 0.606201171875 0.5404814004376368 0.05126953125 0.12691466083150985
3 0.54248046875 0.6626549963530269 0.0576171875 0.12326768781911014