2 0.3236328125 0.37569444444444444 0.057421875 0.10416666666666667
5 0.2525390625 0.3489583333333333 0.061328125 0.09652777777777778
5 0.808203125 0.43819444444444444 0.0578125 0.10138888888888889
2 0.7154296875 0.4173611111111111 0.048046875 0.10694444444444444
3 0.315625 0.5041666666666667 0.04375 0.07083333333333333
3 0.4638671875 0.5388888888888889 0.037890625 0.07083333333333333
3 0.7888671875 0.5961805555555556 0.040234375 0.07013888888888889
0 0.3947265625 0.39166666666666666 0.053515625 0.09861111111111111
3 0.6888671875 0.5923611111111111 0.039453125 0.075
3 0.544140625 0.5628472222222223 0.0375 0.07569444444444444
3 0.3859375 0.5170138888888889 0.04609375 0.07291666666666667
1 0.4705078125 0.38958333333333334 0.056640625 0.14305555555555555
3 0.6224609375 0.5715277777777777 0.037109375 0.06805555555555555
3 0.23828125 0.48368055555555556 0.0515625 0.07013888888888889
4 0.5537109375 0.3902777777777778 0.058984375 0.1375
3 0.62890625 0.4236111111111111 0.0375 0.10416666666666667