5 0.2177734375 0.24618055555555557 0.055078125 0.09930555555555555
3 0.322265625 0.42465277777777777 0.040625 0.08263888888888889
3 0.26015625 0.39791666666666664 0.040625 0.07916666666666666
3 0.191015625 0.3611111111111111 0.04765625 0.07777777777777778
3 0.4599609375 0.5125 0.037890625 0.07777777777777778
3 0.3904296875 0.4684027777777778 0.033984375 0.07291666666666667
3 0.6783203125 0.6041666666666666 0.036328125 0.075
2 0.2798828125 0.2829861111111111 0.053515625 0.11319444444444444
5 0.7099609375 0.46770833333333334 0.047265625 0.09930555555555555
3 0.5904296875 0.575 0.034765625 0.07777777777777778
3 0.531640625 0.5388888888888889 0.03359375 0.06944444444444445
2 0.6271484375 0.42430555555555555 0.043359375 0.10694444444444444
0 0.34296875 0.31631944444444443 0.04765625 0.1076388888888889
4 0.4833984375 0.35868055555555556 0.052734375 0.13402777777777777
0 0.5498046875 0.4059027777777778 0.037890625 0.11319444444444444
1 0.4099609375 0.3329861111111111 0.055078125 0.14791666666666667