0 0.6025390625 0.26840277777777777 0.030078125 0.14375
3 0.3431640625 0.334375 0.032421875 0.09375
5 0.3005859375 0.23020833333333332 0.041015625 0.11597222222222223
3 0.3984375 0.34444444444444444 0.03125 0.09166666666666666
2 0.6712890625 0.27152777777777776 0.037109375 0.12777777777777777
3 0.6505859375 0.3940972222222222 0.030078125 0.09930555555555555
0 0.4142578125 0.246875 0.036328125 0.13819444444444445
5 0.74453125 0.28680555555555554 0.0421875 0.12777777777777777
3 0.530078125 0.375 0.03046875 0.09722222222222222
3 0.277734375 0.32083333333333336 0.03515625 0.09166666666666666
3 0.7330078125 0.396875 0.033984375 0.09652777777777778
3 0.59609375 0.38055555555555554 0.0296875 0.09444444444444444
3 0.4640625 0.35868055555555556 0.03046875 0.09513888888888888
2 0.35625 0.24513888888888888 0.0390625 0.125
9 0.3134765625 0.8902777777777777 0.047265625 0.09722222222222222
9 0.2375 0.8732638888888888 0.0515625 0.10069444444444445
4 0.54140625 0.2388888888888889 0.040625 0.175
0 0.4759765625 0.2309027777777778 0.038671875 0.19652777777777777
9 0.1560546875 0.8677083333333333 0.058203125 0.10208333333333333
9 0.4689453125 0.921875 0.043359375 0.10208333333333333
9 0.38359375 0.9253472222222222 0.04453125 0.10208333333333333
9 0.553125 0.9513888888888888 0.0453125 0.09583333333333334