11 0.355859375 0.5263888888888889 0.0515625 0.10694444444444444
3 0.5759765625 0.5350694444444445 0.032421875 0.08402777777777778
3 0.5626953125 0.196875 0.029296875 0.09236111111111112
9 0.5078125 0.309375 0.03671875 0.09375
2 0.4423828125 0.2065972222222222 0.041015625 0.1076388888888889
11 0.44921875 0.12048611111111111 0.04296875 0.11458333333333333
6 0.3671875 0.30486111111111114 0.04921875 0.12916666666666668
9 0.494921875 0.6357638888888889 0.03828125 0.08541666666666667
2 0.5671875 0.7798611111111111 0.04453125 0.09027777777777778
8 0.4263671875 0.6413194444444444 0.048046875 0.10069444444444445
8 0.3802734375 0.19270833333333334 0.049609375 0.11736111111111111
5 0.6359375 0.3072916666666667 0.0390625 0.10902777777777778
5 0.6361328125 0.6472222222222223 0.044921875 0.10416666666666667
10 0.4369140625 0.40868055555555555 0.059765625 0.14930555555555555
7 0.4201171875 0.7520833333333333 0.066015625 0.1361111111111111
1 0.70234375 0.08576388888888889 0.0609375 0.17152777777777778
4 0.71399609375 0.4097777777777778 0.058332031250000006 0.1637847222222222
0 0.8519687499999999 0.403 0.06253125000000001 0.12802083333333333
0 0.793484375 0.7820138888888888 0.067328125 0.13277083333333334