2 0.3353515625 0.38784722222222223 0.058203125 0.10347222222222222
3 0.397265625 0.528125 0.0453125 0.07430555555555556
5 0.2638671875 0.3642361111111111 0.058984375 0.09375
3 0.326171875 0.5170138888888889 0.04453125 0.06875
3 0.248046875 0.4965277777777778 0.04921875 0.06805555555555555
3 0.474609375 0.5510416666666667 0.0375 0.06875
0 0.40625 0.4065972222222222 0.05390625 0.09513888888888888
5 0.8166015625 0.4517361111111111 0.057421875 0.09791666666666667
3 0.555078125 0.5763888888888888 0.0359375 0.075
2 0.7255859375 0.4309027777777778 0.049609375 0.10347222222222222
3 0.69765625 0.6048611111111111 0.04140625 0.075
3 0.798046875 0.6083333333333333 0.04140625 0.07083333333333333
3 0.6330078125 0.5840277777777778 0.036328125 0.06527777777777778
1 0.4828125 0.4048611111111111 0.05625 0.1388888888888889
0 0.640234375 0.4371527777777778 0.03828125 0.10069444444444445
4 0.564453125 0.40243055555555557 0.05703125 0.13680555555555557