11 0.3349609375 0.5670138888888889 0.048828125 0.09375
11 0.773828125 0.6489583333333333 0.0421875 0.10347222222222222
8 0.391015625 0.5690972222222223 0.04375 0.09652777777777778
3 0.799609375 0.0763888888888889 0.02578125 0.08333333333333333
3 0.6845703125 0.07291666666666667 0.023828125 0.08055555555555556
3 0.7294921875 0.08020833333333334 0.026171875 0.08680555555555555
3 0.629296875 0.07222222222222222 0.025 0.08333333333333333
3 0.41640625 0.042708333333333334 0.0265625 0.07847222222222222
3 0.4701171875 0.049305555555555554 0.026171875 0.08055555555555556
3 0.5720703125 0.06319444444444444 0.023828125 0.08055555555555556
6 0.454296875 0.5673611111111111 0.0453125 0.1
3 0.517578125 0.05347222222222222 0.02890625 0.08194444444444444
9 0.410546875 0.4732638888888889 0.0359375 0.07708333333333334
8 0.702734375 0.6333333333333333 0.040625 0.1
9 0.5830078125 0.4982638888888889 0.030078125 0.07708333333333334
9 0.6478515625 0.5177083333333333 0.030859375 0.07708333333333334
9 0.71015625 0.528125 0.03046875 0.08263888888888889
6 0.63671875 0.6211805555555555 0.03515625 0.10902777777777778
9 0.5208984375 0.5041666666666667 0.031640625 0.07777777777777778
10 0.5109375 0.58125 0.05078125 0.13194444444444445
9 0.4669921875 0.4795138888888889 0.025390625 0.07291666666666667
9 0.3490234375 0.4732638888888889 0.036328125 0.07569444444444444
9 0.7767578125 0.5527777777777778 0.035546875 0.08472222222222223
7 0.571875 0.5923611111111111 0.04921875 0.14444444444444443