4 0.52578125 0.6878472222222223 0.046875 0.18958333333333333
2 0.3935546875 0.7864583333333334 0.044140625 0.13402777777777777
6 0.473046875 0.20590277777777777 0.028125 0.13819444444444445
5 0.764453125 0.5892361111111111 0.0453125 0.11597222222222223
5 0.3150390625 0.8354166666666667 0.043359375 0.13472222222222222
3 0.558984375 0.5996527777777778 0.02734375 0.09791666666666667
3 0.6744140625 0.5475694444444444 0.026953125 0.09236111111111112
3 0.731640625 0.5208333333333334 0.03203125 0.09583333333333334
3 0.435546875 0.6607638888888889 0.02890625 0.09930555555555555
0 0.6486328125 0.6215277777777778 0.039453125 0.14722222222222223
3 0.496875 0.6243055555555556 0.0328125 0.1
3 0.621484375 0.5756944444444444 0.0296875 0.09305555555555556
9 0.5841796875 0.23229166666666667 0.033203125 0.09097222222222222
9 0.537890625 0.25729166666666664 0.03125 0.09236111111111112
8 0.515625 0.19166666666666668 0.02578125 0.10972222222222222
9 0.291015625 0.3524305555555556 0.034375 0.09652777777777778
6 0.325390625 0.2503472222222222 0.0296875 0.13541666666666666
9 0.3423828125 0.33402777777777776 0.031640625 0.09305555555555556
8 0.274609375 0.2826388888888889 0.03203125 0.12222222222222222
9 0.39765625 0.31666666666666665 0.0359375 0.09444444444444444
11 0.558203125 0.178125 0.0296875 0.10625
9 0.491796875 0.27847222222222223 0.03125 0.09722222222222222
9 0.445703125 0.2875 0.03203125 0.09583333333333334
0 0.4611328125 0.7263888888888889 0.037109375 0.15416666666666667
3 0.3064453125 0.7295138888888889 0.035546875 0.10625
7 0.3755859375 0.21319444444444444 0.033984375 0.19166666666666668
11 0.2201171875 0.30695833333333333 0.038671875 0.11947222222222222
2 0.7044921875 0.6076388888888888 0.044921875 0.12361111111111112
1 0.5873046875 0.6322916666666667 0.046484375 0.21319444444444444
10 0.425 0.20555555555555555 0.03203125 0.1625
3 0.3814453125 0.6850694444444444 0.032421875 0.10347222222222222
9 0.229296875 0.36493055555555554 0.0390625 0.09791666666666667