8 0.3392578125 0.3607638888888889 0.029296875 0.10486111111111111
7 0.2146484375 0.44756944444444446 0.046484375 0.18541666666666667
5 0.658984375 0.5732638888888889 0.0296875 0.11319444444444444
2 0.4126953125 0.9489583333333333 0.044140625 0.09513888888888888
8 0.124609375 0.5736111111111111 0.0390625 0.12222222222222222
3 0.41015625 0.8284722222222223 0.03203125 0.10277777777777777
9 0.2099609375 0.5864583333333333 0.036328125 0.09375
9 0.4103515625 0.3625 0.034765625 0.0875
9 0.160546875 0.6371527777777778 0.040625 0.09652777777777778
9 0.340234375 0.44756944444444446 0.0359375 0.09236111111111112
3 0.61484375 0.5402777777777777 0.028125 0.09444444444444444
9 0.10234375 0.6864583333333333 0.04296875 0.10069444444444445
9 0.37890625 0.40520833333333334 0.03125 0.08541666666666667
9 0.260546875 0.5364583333333334 0.0375 0.09236111111111112
9 0.298828125 0.48159722222222223 0.034375 0.08958333333333333
6 0.17109375 0.5138888888888888 0.03984375 0.13472222222222222
10 0.2625 0.4170138888888889 0.0421875 0.15625
3 0.578125 0.5854166666666667 0.0265625 0.0875
0 0.4611328125 0.86875 0.034765625 0.1486111111111111
3 0.36640625 0.8861111111111111 0.03359375 0.10416666666666667
3 0.30703125 0.9611111111111111 0.0359375 0.07361111111111111
11 0.373828125 0.32569444444444445 0.02890625 0.10694444444444444
11 0.0669921875 0.6326388888888889 0.041015625 0.11666666666666667
2 0.6224609375 0.6190972222222222 0.035546875 0.12569444444444444
0 0.583203125 0.6583333333333333 0.03359375 0.14444444444444443
1 0.5466796875 0.7069375 0.046484375 0.20139583333333333
6 0.3056640625 0.3927083333333333 0.030859375 0.1284722222222222
4 0.508984375 0.7874861111111111 0.05 0.19308333333333336
3 0.454296875 0.7590277777777777 0.03359375 0.10555555555555556
3 0.50063671875 0.6660833333333334 0.029976562499999998 0.08147222222222222