10 0.4609375 0.5260416666666666 0.0546875 0.11736111111111111
7 0.524609375 0.53125 0.053125 0.13333333333333333
11 0.727734375 0.5444444444444444 0.04453125 0.09722222222222222
6 0.39921875 0.5201388888888889 0.0484375 0.09305555555555556
11 0.273828125 0.5392361111111111 0.0515625 0.08958333333333333
6 0.5916015625 0.5444444444444444 0.037109375 0.1
9 0.7251953125 0.44375 0.039453125 0.08194444444444444
9 0.345703125 0.42291666666666666 0.03828125 0.075
9 0.4646484375 0.4378472222222222 0.033203125 0.07291666666666667
9 0.6568359375 0.4309027777777778 0.034765625 0.08125
8 0.6580078125 0.5427083333333333 0.041015625 0.08958333333333333
9 0.28046875 0.4340277777777778 0.04296875 0.07777777777777778
9 0.594921875 0.43125 0.03359375 0.075
9 0.528125 0.4222222222222222 0.03203125 0.07777777777777778
9 0.4076171875 0.42430555555555555 0.033984375 0.07222222222222222
8 0.336328125 0.5354166666666667 0.0453125 0.09861111111111111