3 0.3859375 0.5111111111111111 0.028125 0.05
0 0.4580078125 0.9215277777777777 0.033203125 0.06527777777777778
0 0.2689453125 0.8229166666666666 0.037890625 0.059722222222222225
9 0.502734375 0.3958333333333333 0.03203125 0.059722222222222225
9 0.3322265625 0.396875 0.033984375 0.06319444444444444
7 0.2623046875 0.28854166666666664 0.049609375 0.11180555555555556
8 0.32265625 0.29618055555555556 0.03515625 0.08263888888888889
3 0.56796875 0.4753472222222222 0.0296875 0.052083333333333336
6 0.4892578125 0.17881944444444445 0.035546875 0.09236111111111112
11 0.6033203125 0.28888888888888886 0.039453125 0.08333333333333333
6 0.66166015625 0.18081250000000001 0.05363671875 0.1109236111111111
8 0.55366015625 0.1938263888888889 0.03916796875 0.09877083333333332
11 0.37613671875 0.18914583333333335 0.03093359375 0.08593055555555555
10 0.43530859375000003 0.2950069444444444 0.049300781249999995 0.1268263888888889
2 0.5521953125 0.28755555555555556 0.03623828125 0.07788194444444445
5 0.5044453125 0.594576388888889 0.02822265625 0.06346527777777777
5 0.3314140625 0.6022083333333333 0.03834765625 0.09261805555555556
4 0.446734375 0.7094722222222222 0.04403125 0.09185416666666667
1 0.62767578125 0.6839513888888888 0.05909765625 0.10679861111111111
2 0.26676953124999997 0.5072777777777778 0.0465390625 0.07983333333333333