6 0.3763671875 0.43854166666666666 0.048046875 0.08541666666666667
10 0.437890625 0.44340277777777776 0.05390625 0.11041666666666666
11 0.7 0.4552083333333333 0.04453125 0.09097222222222222
6 0.56640625 0.46111111111111114 0.0359375 0.09166666666666666
8 0.6326171875 0.4527777777777778 0.039453125 0.0875
8 0.3158203125 0.453125 0.041015625 0.09097222222222222
9 0.63203125 0.340625 0.034375 0.0798611111111111
9 0.3837890625 0.340625 0.034765625 0.06875
9 0.5705078125 0.34270833333333334 0.035546875 0.07291666666666667
9 0.3208984375 0.33958333333333335 0.038671875 0.07083333333333333
7 0.5013671875 0.4486111111111111 0.052734375 0.11805555555555555
11 0.25234375 0.4600694444444444 0.05 0.08263888888888889
9 0.5044921875 0.33541666666666664 0.031640625 0.075
9 0.6982421875 0.3545138888888889 0.041796875 0.08263888888888889
9 0.440625 0.3524305555555556 0.0328125 0.07013888888888889
9 0.25703125 0.3524305555555556 0.0421875 0.07152777777777777