4 0.78271484375 0.29722830051057625 0.068359375 0.15244347191830782
1 0.791015625 0.36834427425237054 0.076171875 0.18526622902990517
0 0.763671875 0.21444201312910285 0.0537109375 0.12399708242159008
0 0.80322265625 0.4959883296863603 0.0595703125 0.13129102844638948
2 0.7470703125 0.1363967906637491 0.056640625 0.1137855579868709
2 0.82666015625 0.6086797957695113 0.07421875 0.12180889861415026
5 0.7421875 0.06637490882567469 0.048828125 0.10065645514223195
5 0.843017578125 0.7370532458059811 0.07177734375 0.1261852662290299
3 0.658203125 0.06345733041575492 0.0419921875 0.09336250911743253
3 0.6650390625 0.14259664478482859 0.0400390625 0.09555069292487235
3 0.6767578125 0.22574762946754193 0.0419921875 0.09555069292487235
3 0.68701171875 0.3081692195477753 0.04296875 0.09846827133479212
3 0.698486328125 0.4037199124726477 0.04931640625 0.09409190371991247
3 0.711669921875 0.5065645514223195 0.04638671875 0.10576221735959154
3 0.72509765625 0.6156090444930707 0.0498046875 0.10211524434719182
3 0.739013671875 0.7363238512035011 0.05419921875 0.10138584974471189
10 0.1884765625 0.27716994894237784 0.0634765625 0.16921954777534645
7 0.17333984375 0.3636032093362509 0.0673828125 0.18891320204230488
6 0.16015625 0.4894237782640408 0.056640625 0.13566739606126915
6 0.192138671875 0.2049598832968636 0.05126953125 0.12983223924142961
8 0.199462890625 0.12727935813274982 0.05419921875 0.1174325309992706
8 0.1552734375 0.6229029905178701 0.068359375 0.12983223924142961
9 0.25390625 0.7407002188183808 0.056640625 0.10430342815463166
9 0.2607421875 0.6167031363967906 0.0625 0.10284463894967177
9 0.264404296875 0.5142231947483589 0.05224609375 0.09773887673231219
9 0.276611328125 0.4113785557986871 0.05029296875 0.10065645514223195
9 0.277099609375 0.3099927060539752 0.05224609375 0.09773887673231219
9 0.28564453125 0.22574762946754193 0.04296875 0.09409190371991247
9 0.28564453125 0.1389496717724289 0.044921875 0.08825674690007294
9 0.28564453125 0.05981035740335521 0.0439453125 0.09773887673231219
11 0.209228515625 0.05288110867979577 0.04736328125 0.10430342815463166
11 0.14208984375 0.7439824945295405 0.0673828125 0.1400437636761488