5 0.7205078125 0.6923611111111111 0.062109375 0.2263888888888889
5 0.2498046875 0.3576388888888889 0.039453125 0.14583333333333334
0 0.531640625 0.5420138888888889 0.0453125 0.23958333333333334
3 0.2765625 0.49409722222222224 0.04140625 0.13819444444444445
4 0.4650390625 0.46458333333333335 0.059765625 0.2916666666666667
3 0.18203125 0.4128472222222222 0.0421875 0.12708333333333333
3 0.464453125 0.6614583333333334 0.04453125 0.16041666666666668
3 0.3322265625 0.5472222222222223 0.042578125 0.14722222222222223
3 0.22890625 0.45694444444444443 0.0390625 0.13333333333333333
3 0.3923828125 0.6059027777777778 0.041796875 0.15763888888888888
2 0.617578125 0.6048611111111111 0.05 0.21944444444444444
0 0.3375 0.4111111111111111 0.04296875 0.20694444444444443
3 0.6396484375 0.8027777777777778 0.051171875 0.19305555555555556
3 0.5248046875 0.7197916666666667 0.049609375 0.1798611111111111
2 0.290234375 0.403125 0.04140625 0.17569444444444443
1 0.3966796875 0.41180555555555554 0.062109375 0.3138888888888889